0.000000000000000 0.000000000000000 1.031850000000000 0.983711000000000
0.033333300000000 0.571625490419432 0.800749617959582 0.313075839720402
0.066666600000000 0.600885874999698 0.806871356064887 0.348644607008596
0.099999900000000 0.627806056164002 0.813352790135427 0.383710274322817
0.133333200000000 0.653486827443857 0.819415635627123 0.414774442722278
0.166666500000000 0.676371050778961 0.823170087161243 0.440764424953802
0.199999800000000 0.699336094666542 0.824245505966246 0.462753563522883
0.233333100000000 0.726332958413557 0.826723883605913 0.484817557832005
0.266666400000000 0.756504862899814 0.831363410837545 0.510403395697966
0.299999700000000 0.785045614922065 0.835295964142919 0.539845245501194
0.333333000000000 0.809727265758414 0.837414435909002 0.569368052957147
0.366666300000000 0.832984611994990 0.837593072613684 0.595643648356048
0.399999600000000 0.858142443167753 0.836214597272338 0.620570939274580
0.433332900000000 0.887293107272419 0.834993662819865 0.646471662636675
0.466666200000000 0.921598270406776 0.836818994886943 0.672259374351460
0.499999500000000 0.960904407246256 0.845001097518264 0.697157649837832
0.533332800000000 1.000438140531584 0.857144414570492 0.723206716807967
0.566666100000000 1.031210977574115 0.865219101180458 0.753911773174741
0.599999400000000 1.051332310727417 0.866909771680839 0.787832430420084
0.633332700000000 1.069417345626431 0.867106118806487 0.818396047878768
0.666666000000000 1.091507160516962 0.869296407314118 0.844018014279327
0.699999300000000 1.117457235889577 0.872897492492306 0.867174300889500
0.733332600000000 1.148298001604855 0.875980782247343 0.887117980380254
0.766665900000000 1.181804529070414 0.877109024645759 0.904871809126580
0.799999200000000 1.210469962831912 0.875180506387874 0.925719135222504
0.833332500000000 1.234172097031842 0.870727237253533 0.950480568987087
0.866665800000000 1.262350171111155 0.866114973205862 0.973495731958070
0.899999100000000 1.300917887383832 0.860906529703905 0.989988110016288
0.933332400000000 1.343122936691071 0.851272135865298 1.003047765452114
0.966665700000000 1.377922902136866 0.836541318868862 1.021237466787131
0.999999000000000 1.404637123273689 0.823018557698246 1.048163221342970
1.033332300000000 1.428205499332414 0.818767851664088 1.083552615538953
1.066665600000000 1.449940112043627 0.826902193627729 1.127407396427075
1.099998900000000 1.473704619285509 0.844377370747096 1.173116234153240
1.133332200000000 1.503736717226703 0.861033558097301 1.210189445240672
1.166665500000000 1.537549120617670 0.869126177578090 1.236250251155523
1.199998800000000 1.570497130643428 0.876372688567186 1.258980130172008
1.233332100000000 1.603967463810649 0.896941326054919 1.283172598137806
1.266665400000000 1.636941213797377 0.927843833457445 1.307860508626040
1.299998700000000 1.666997041594965 0.950636796883666 1.330835585916842
1.333332000000000 1.695333893760329 0.963336698675097 1.352731294959202
1.366665300000000 1.724166938544496 0.975807768136204 1.374961721327211
1.399998600000000 1.753730257832275 0.984942039701482 1.397771831496571
1.433331900000000 1.783872924439946 0.983302961482488 1.419846672952410
1.466665200000000 1.814859312948439 0.972916798398145 1.440705789840238
1.499998500000000 1.845675746971872 0.961095429548888 1.463684868426658
1.533331800000000 1.877413954933161 0.953575283827524 1.489699252205797
1.566665100000000 1.914788556459327 0.952773757442240 1.513499262676832
1.599998400000000 1.956770460485044 0.958040673932303 1.534256591395552
1.633331700000000 1.994416789861212 0.964267498416114 1.558042265965548
1.666665000000000 2.023545725591023 0.968197659851820 1.587531635638383
1.699998300000000 2.043875154317608 0.975530573503832 1.624079486508349
