0.000000000000000 1.000000000000000 1.133653000000000 -0.038949000000000
0.033333300000000 0.695605582732154 1.104836629845689 -1.072195738976286
0.066666600000000 0.725357069896221 1.109679314622720 -1.036656838950093
0.099999900000000 0.754500890256820 1.112693820951507 -1.001420096549300
0.133333200000000 0.781042408961358 1.118420439401106 -0.969949940430301
0.166666500000000 0.807331856605711 1.127785636943091 -0.941862821539315
0.199999800000000 0.834526922013277 1.138577241408499 -0.916623383176903
0.233333100000000 0.862615907823467 1.146056163851940 -0.892545448997059
0.266666400000000 0.891071857241728 1.146722265036116 -0.867187068806486
0.299999700000000 0.918427598127959 1.140533561305559 -0.839175122006176
0.333333000000000 0.943375791741290 1.131028609839546 -0.811071138170083
0.366666300000000 0.967444197453019 1.121250580548155 -0.785599670845429
0.399999600000000 0.994308412172928 1.111278593845752 -0.760919397336065
0.433332900000000 1.026765907189450 1.101554322524882 -0.734903688378868
0.466666200000000 1.062681375762849 1.093552420424525 -0.709233550046351
0.499999500000000 1.097410847318393 1.087186760455576 -0.685716211487850
0.533332800000000 1.132644412616636 1.081802346443468 -0.661220995504027
0.566666100000000 1.173246954184039 1.076835275510887 -0.629669599983856
0.599999400000000 1.217013979097639 1.073073972732588 -0.591914638610354
0.633332700000000 1.258388541800149 1.073423867325071 -0.556221113660426
0.666666000000000 1.295742432712236 1.076934090977884 -0.526042910024442
0.699999300000000 1.327644520775044 1.079897724967593 -0.499875760800151
0.733332600000000 1.350740112000852 1.082758584574449 -0.478924109987480
0.766665900000000 1.367613924655995 1.084932409828691 -0.461192127422285
0.799999200000000 1.386800189593825 1.081577485557092 -0.439695063931813
0.833332500000000 1.411549622024230 1.074010054688578 -0.413233981278919
0.866665800000000 1.437107898380823 1.070575980070012 -0.388472682228518
0.899999100000000 1.457046145089447 1.074171961600656 -0.371139485233513
0.933332400000000 1.473023772427262 1.079345129357330 -0.356864922405919
0.966665700000000 1.494694528010232 1.080780189154075 -0.335694921575934
0.999999000000000 1.524594711326085 1.078942311400938 -0.305201453145701
1.033332300000000 1.558758368954198 1.077262526712178 -0.267455356165834
1.066665600000000 1.596728086556331 1.077197193972189 -0.222857623309437
1.099998900000000 1.635023792945601 1.079471175962093 -0.177875045717358
1.133332200000000 1.665659042668075 1.084850121618070 -0.142453390235638
1.166665500000000 1.687508735509077 1.092805528958367 -0.118097690809967
1.199998800000000 1.708235152547566 1.102986491906604 -0.096563066679147
1.233332100000000 1.728523460918705 1.115123465811396 -0.075676404123656
1.266665400000000 1.747905067180370 1.127646246635255 -0.055865047297158
1.299998700000000 1.770608435522461 1.140976396209820 -0.035894290539919
1.333332000000000 1.796111088824097 1.154307437750718 -0.015369704494266
1.366665300000000 1.819231655473218 1.163576691953183 0.004613621608532
1.399998600000000 1.841161306615905 1.165997232450911 0.024496140220026
1.433331900000000 1.864605404378033 1.161403679511830 0.044161843910713
1.466665200000000 1.888552617858035 1.151226084865160 0.062968359914063
1.499998500000000 1.914681739175852 1.138215169054580 0.083818598159982
1.533331800000000 1.943898094566119 1.126697820112163 0.107443488391247
1.566665100000000 1.972929643812969 1.119938366824957 0.128370806903044
1.599998400000000 2.001042797356180 1.115968178029465 0.145781953507580
1.633331700000000 2.030441289786316 1.113159539955382 0.166609262630122
1.666665000000000 2.061374826957671 1.114760362477209 0.192193190730080
1.699998300000000 2.096421323490530 1.120378161747877 0.221184022895843
