0.000000000000000 0.000000000000000 2.031850000000000 -0.016289000000000
0.033333300000000 0.151159186725863 2.021383108129575 -0.264212623817273
0.066666600000000 0.174007876348471 2.023900768378176 -0.231540349562923
0.099999900000000 0.199036810152008 2.027962772599250 -0.200138613809668
0.133333200000000 0.223550299291319 2.033381073806504 -0.169556368262465
0.166666500000000 0.246253266497851 2.039034953209990 -0.139469423725652
0.199999800000000 0.268442727097596 2.043350381221561 -0.110058979036912
0.233333100000000 0.292092465849233 2.046566187291673 -0.083882669665851
0.266666400000000 0.318055481423070 2.048409043826996 -0.061052698069497
0.299999700000000 0.343818629859396 2.047570567103270 -0.039558788545716
0.333333000000000 0.367555968243008 2.044849148046220 -0.019347463722731
0.366666300000000 0.391325428779885 2.041468456589385 -0.000696209224448
0.399999600000000 0.417035160766462 2.036979320872923 0.017587984317345
0.433332900000000 0.445732587256130 2.031914819007751 0.036222489730394
0.466666200000000 0.477068124858875 2.028484586287777 0.053934162209449
0.499999500000000 0.508515872718104 2.028255338887287 0.068465345041847
0.533332800000000 0.540196290201089 2.030475025955122 0.081745326237861
0.566666100000000 0.572954366694281 2.032176940639635 0.099533992752990
0.599999400000000 0.604888569441062 2.032576706587695 0.123070380712749
0.633332700000000 0.635689657778952 2.034627238728841 0.148489541469303
0.666666000000000 0.665579733676955 2.038708148862391 0.172406515126366
0.699999300000000 0.692673970353747 2.042184007446140 0.194620791295034
0.733332600000000 0.716262809283385 2.044484088461802 0.217830586235086
0.766665900000000 0.739725505980214 2.046147690508058 0.243120545385807
0.799999200000000 0.768006836533008 2.046537432813437 0.268338474736770
0.833332500000000 0.799206911519047 2.044854511222376 0.293038227854183
0.866665800000000 0.824229479063917 2.040670458889442 0.318919785065229
0.899999100000000 0.841010391743318 2.033999783146475 0.347853144311105
0.933332400000000 0.860985707804810 2.026791466713702 0.382001877192962
0.966665700000000 0.892415459114683 2.021094051789625 0.420307066740658
0.999999000000000 0.928690135948386 2.017116086187174 0.458582389130286
1.033332300000000 0.959961068692905 2.015768888847031 0.493691894556412
1.066665600000000 0.982880677871562 2.017539958180402 0.523886726878896
1.099998900000000 0.998496992313929 2.020761478695462 0.548377775408651
1.133332200000000 1.011807086143659 2.023223216756938 0.571972839872951
1.166665500000000 1.029406569117915 2.025356080484292 0.599914208658453
1.199998800000000 1.049407702124475 2.029826104360946 0.628098980446087
1.233332100000000 1.061391083384747 2.037515813973472 0.647011683814034
1.266665400000000 1.064945619715618 2.045759222461243 0.657409723877845
1.299998700000000 1.073796712752636 2.052636715563355 0.672269302926807
1.333332000000000 1.091062811573338 2.059000729124922 0.693658619443817
1.366665300000000 1.108975675050690 2.064138790616855 0.713845018447065
1.399998600000000 1.128417024628106 2.065281799289965 0.733054324406495
1.433331900000000 1.152640800990910 2.059939241533392 0.754714861351000
1.466665200000000 1.179094435814182 2.048409034062351 0.778044887093992
1.499998500000000 1.207074922055229 2.035147184776873 0.801414671673500
1.533331800000000 1.237208628353123 2.024973691356450 0.824686025147095
1.566665100000000 1.268552632975992 2.019476672799649 0.846772915839057
1.599998400000000 1.300351507821475 2.017451529102016 0.865853420747297
1.633331700000000 1.331018834815302 2.016824924560537 0.885713464032199
1.666665000000000 1.358890665945084 2.017420242140913 0.911243513236651
1.699998300000000 1.383020865835999 2.020337874715716 0.937312194967900
