0.000000000000000 1.000000000000000 0.949578000000000 -0.020587000000000
0.033333300000000 0.648076963135730 0.908581210393982 -1.105618824740655
0.066666600000000 0.678233521107123 0.911847290683460 -1.070466819233434
0.099999900000000 0.706707741854097 0.915475260736592 -1.036258536489762
0.133333200000000 0.732897777504877 0.921683905066949 -1.005559057706074
0.166666500000000 0.758684682147901 0.931971214540792 -0.979476867144208
0.199999800000000 0.785428816192600 0.944009427893227 -0.957046874335608
0.233333100000000 0.813094615850640 0.952772935879256 -0.935151297711652
0.266666400000000 0.840843436206196 0.954688754290105 -0.910799031127162
0.299999700000000 0.867123274768674 0.949835577874290 -0.883175347059251
0.333333000000000 0.890644209967276 0.941896672981191 -0.855552771280950
0.366666300000000 0.912898946180990 0.934014044362658 -0.831076562669964
0.399999600000000 0.937855304242071 0.926164825168376 -0.807876153581267
0.433332900000000 0.968571919760088 0.918650195803161 -0.783683000532759
0.466666200000000 1.002796190013057 0.912854555291333 -0.759857800268936
0.499999500000000 1.035750511532308 0.908496474955362 -0.737563256612505
0.533332800000000 1.068992898969741 0.905051757279726 -0.714188154771347
0.566666100000000 1.107382633044058 0.902414668650505 -0.685269625688860
0.599999400000000 1.148869414740067 0.901496512377892 -0.652062593743503
0.633332700000000 1.187808066701649 0.904998224066022 -0.621858579256315
0.666666000000000 1.222550801479866 0.911613329538994 -0.597071947975417
0.699999300000000 1.251699445911160 0.917333891299920 -0.575634304347958
0.733332600000000 1.271499758102847 0.922694427980325 -0.558674328672083
0.766665900000000 1.284238802171703 0.927391063244066 -0.544456109222429
0.799999200000000 1.298737643256261 0.926760231561316 -0.526466691195286
0.833332500000000 1.319143856611753 0.921867151753217 -0.503796428762263
0.866665800000000 1.341659969206826 0.920289548134457 -0.482748243373245
0.899999100000000 1.359297967898572 0.924880951837393 -0.468454493671534
0.933332400000000 1.372171209756613 0.931485526385043 -0.456903041202601
0.966665700000000 1.390027071659845 0.935514437303110 -0.439035650062610
0.999999000000000 1.416884519559281 0.936322247735205 -0.412086045810385
1.033332300000000 1.449822520958223 0.935790144327241 -0.377083322753920
1.066665600000000 1.488892089977525 0.934734433527785 -0.334120906907553
1.099998900000000 1.530006661981086 0.934251621162586 -0.289361469748326
1.133332200000000 1.562978812850379 0.936690674880701 -0.253114717011063
1.166665500000000 1.586073103512410 0.943062695918591 -0.227222541834507
1.199998800000000 1.607689371807617 0.952402861075626 -0.204347356649103
1.233332100000000 1.630655287693410 0.961847330954652 -0.180301053905905
1.266665400000000 1.654516030859113 0.970228060604122 -0.155746279227453
1.299998700000000 1.681785911529421 0.980796665114492 -0.132094693790916
1.333332000000000 1.711210790315550 0.992980754920992 -0.109028950713028
1.366665300000000 1.738118565877293 1.001105458811111 -0.085594725807039
1.399998600000000 1.763692487660435 1.002453894338803 -0.061513719626166
1.433331900000000 1.790413244617148 0.997481631732817 -0.037987735643577
1.466665200000000 1.817525783128218 0.987347790119251 -0.015565380007241
1.499998500000000 1.846984919001037 0.974441582143753 0.009019156491866
1.533331800000000 1.879687439958247 0.962994761733342 0.036645793010441
1.566665100000000 1.912233311322497 0.956212956740262 0.062067524311457
1.599998400000000 1.943896385140787 0.952108604104073 0.084524760457744
1.633331700000000 1.977011690771440 0.949349293276883 0.110034523813502
1.666665000000000 2.016032043915638 0.953011210742171 0.142863376222867
1.699998300000000 2.068124810859721 0.964870704721467 0.186750326517007
