0.000000000000000 0.000000000000000 1.133653000000000 0.961051000000000
0.033333300000000 0.547625504216878 0.824106798549097 0.305952532503529
0.066666600000000 0.576724705717044 0.830769464607016 0.341790735636161
0.099999900000000 0.603055405658013 0.837942940004312 0.377556414713083
0.133333200000000 0.628400821885065 0.844371993820584 0.409034466794716
0.166666500000000 0.650831671167661 0.848650029631298 0.435667942069445
0.199999800000000 0.673228709818319 0.850314135392333 0.458471983862279
0.233333100000000 0.699533220230324 0.853378845744592 0.481406524134785
0.266666400000000 0.728921003477110 0.858641389648482 0.507846207103338
0.299999700000000 0.756610339797254 0.863279939198116 0.538121361665600
0.333333000000000 0.780368612963192 0.866206359380232 0.568529469008846
0.366666300000000 0.802624187160877 0.867301761576034 0.595828706432946
0.399999600000000 0.826653742484336 0.866902981077672 0.621893848050251
0.433332900000000 0.854500195071294 0.866679682694027 0.648988803107646
0.466666200000000 0.887319846115592 0.869511942042624 0.676065767056701
0.499999500000000 0.924965043132200 0.878703024525338 0.702374915373477
0.533332800000000 0.962714880851810 0.891915460918177 0.729845834285144
0.566666100000000 0.991621976153626 0.901193849776078 0.761790948117058
0.599999400000000 1.009772838925554 0.904184118111821 0.796799632514686
0.633332700000000 1.025790552964927 0.905678782713777 0.828610920262303
0.666666000000000 1.045723470496737 0.909090837592525 0.855738245161031
0.699999300000000 1.069442390104944 0.913795503151272 0.880610281007263
0.733332600000000 1.098100130331777 0.917834796215047 0.902731847078328
0.766665900000000 1.129631756790228 0.919879151640403 0.923048426000183
0.799999200000000 1.156574080903942 0.919088006738229 0.946159585066663
0.833332500000000 1.178614061715597 0.915836531285950 0.972667227768141
0.866665800000000 1.204897793017171 0.911798872081313 0.997481248082929
0.899999100000000 1.241500335140109 0.906291793420098 1.016432586027995
0.933332400000000 1.282235676123672 0.896171020250427 1.032396445394159
0.966665700000000 1.316106042448512 0.881401249901751 1.052957011561881
0.999999000000000 1.341992181362919 0.868083357264227 1.081230953252615
1.033332300000000 1.364523281082636 0.863836512202053 1.117001962414212
1.066665600000000 1.384893813241552 0.871629597944693 1.160207163355554
1.099998900000000 1.407216868848634 0.888410550860339 1.204731132074860
1.133332200000000 1.436129313186056 0.903699238974308 1.241201357525269
1.166665500000000 1.469907902952029 0.910376898770723 1.267315486750554
1.199998800000000 1.503136050726350 0.916675639512986 1.290239956360713
1.233332100000000 1.536810074358115 0.935883989917959 1.313970740908102
1.266665400000000 1.569926154904557 0.965099662279953 1.337656432515602
1.299998700000000 1.600437956800157 0.986326606403016 1.359500080483604
1.333332000000000 1.629651155908504 0.997784141032997 1.380263323317254
1.366665300000000 1.659644436954093 1.009242243547189 1.401292825191283
1.399998600000000 1.690601928977725 1.017602831314267 1.422820485826760
1.433331900000000 1.722358408467980 1.015425399976494 1.443610354595714
1.466665200000000 1.755091023962634 1.004621733674273 1.463216611891832
1.499998500000000 1.787683330058616 0.992526018216574 1.484763306351491
1.533331800000000 1.821201561695161 0.984870838414385 1.509167665283385
1.566665100000000 1.860389346260344 0.983955122622562 1.531525552012420
1.599998400000000 1.904182845635257 0.989152702584613 1.550963786915740
1.633331700000000 1.943550698360075 0.995413731114893 1.573231439912315
1.666665000000000 1.976430546413391 1.000776273063915 1.599244041468403
1.699998300000000 2.004988825641866 1.014154784976776 1.628435490318954
