0.000000000000000 0.160986000000000 0.688554000000000 1.013527000000000
0.033333300000000 0.464446141845832 0.999344809008291 0.460260112912708
0.066666600000000 0.494982771387953 0.992226416498754 0.486777401714510
0.099999900000000 0.522440637763549 1.002483657457995 0.515382897431074
0.133333200000000 0.548229539576972 1.029607175386635 0.539829978907005
0.166666500000000 0.574418174200753 1.061943256638267 0.554794543525318
0.199999800000000 0.607091746470095 1.078862915560541 0.561217033764517
0.233333100000000 0.647510585136533 1.082266597415571 0.565603570068331
0.266666400000000 0.690248393447808 1.094455037009876 0.573032680738475
0.299999700000000 0.729979717426549 1.116059310036391 0.584627099206996
0.333333000000000 0.758137143460118 1.135673636373372 0.604788266318244
0.366666300000000 0.759305521571445 1.168395147465559 0.640892925189193
0.399999600000000 0.725971384205427 1.224316994495680 0.687671048636011
0.433332900000000 0.706298882090326 1.232271298106296 0.729015775528974
0.466666200000000 0.774178870229280 1.091930076060280 0.754367052164306
0.499999500000000 0.930400288412224 0.859056735722742 0.713270277831959
0.533332800000000 1.060954025935611 0.698288031518278 0.646732209715796
0.566666100000000 1.095617752639926 0.649784483448548 0.660651474667916
0.599999400000000 1.064878508167837 0.657223174227764 0.731668023359236
0.633332700000000 1.035091094124547 0.683675145781939 0.799238575876417
0.666666000000000 1.035573331586357 0.733521879301371 0.856306469649642
0.699999300000000 1.048595773808570 0.817921194202510 0.913624349478622
0.733332600000000 1.063514538776942 0.920244414661300 0.965477427651753
0.766665900000000 1.075352626244487 1.002997569688455 1.010355368290715
0.799999200000000 1.078239178037611 1.056274449704931 1.057549738809741
0.833332500000000 1.075740988642657 1.105807075871730 1.104145799467180
0.866665800000000 1.070669596742547 1.178438645075471 1.138275295865454
0.899999100000000 1.060557751813868 1.270847399754999 1.156047619039945
0.933332400000000 1.053415576282506 1.353969499627163 1.163665759438259
0.966665700000000 1.057633876323847 1.415013992346873 1.167255037328105
0.999999000000000 1.072029163490821 1.458747385129126 1.170582011096417
1.033332300000000 1.098611571706671 1.478913282736853 1.183459785601930
1.066665600000000 1.137616912266837 1.476901719433384 1.207467544205487
1.099998900000000 1.182902112247828 1.472949057913503 1.230388300054910
1.133332200000000 1.226400441971056 1.471029745830253 1.249737151339711
1.166665500000000 1.264364131171240 1.457605710661560 1.273724311733355
1.199998800000000 1.302729182473251 1.425883163752250 1.307247020321291
1.233332100000000 1.358827906472160 1.382397542842328 1.343316273805080
1.266665400000000 1.434037824658607 1.334813451406181 1.371549286441203
1.299998700000000 1.500335135723891 1.258630782466600 1.394721568438056
1.333332000000000 1.525647952624836 1.137121473353973 1.422699447922951
1.366665300000000 1.506711633726547 0.996452997075781 1.456186185330889
1.399998600000000 1.479987549791074 0.865831598799764 1.483148648640766
1.433331900000000 1.474931450107431 0.754577210025542 1.492157717292973
1.466665200000000 1.486349628318676 0.661358487530982 1.486833846763350
1.499998500000000 1.509041233492969 0.587764385165598 1.480221599725208
1.533331800000000 1.539340180843405 0.538728087526427 1.484028936005139
1.566665100000000 1.570577391699543 0.511625788600093 1.500827915116280
1.599998400000000 1.602014539510065 0.500551971661649 1.528149390592455
1.633331700000000 1.631879156267072 0.496808290468271 1.560640900702808
1.666665000000000 1.644882453357096 0.473684609105200 1.582724000988763
1.699998300000000 1.718202477402768 0.449811279344902 1.580065302481101
