0.000000000000000 0.155198000000000 1.664824000000000 0.017709000000000
0.033333300000000 -0.006414471020211 1.633745640573630 -0.688920482490762
0.066666600000000 0.020187426374335 1.639669217742003 -0.653475772997008
0.099999900000000 0.045887575301856 1.644742401316721 -0.627066688890635
0.133333200000000 0.065849214657543 1.650755729710176 -0.611809634236101
0.166666500000000 0.079203150991116 1.659696548168974 -0.603757650473591
0.199999800000000 0.091297741203362 1.672273753375096 -0.590568634084814
0.233333100000000 0.108125201383258 1.685156062560406 -0.570344405667665
0.266666400000000 0.127653598472838 1.693280010842482 -0.553770680806406
0.299999700000000 0.144656502927292 1.694965948306238 -0.541007806836417
0.333333000000000 0.163251695508723 1.690010269899673 -0.528177901876994
0.366666300000000 0.194277489237883 1.675740866435785 -0.528779525886762
0.399999600000000 0.245721654061774 1.652839614309602 -0.549470278768729
0.433332900000000 0.305600276993295 1.640256923131464 -0.542903428121210
0.466666200000000 0.343138931408407 1.659123493559390 -0.444501706814332
0.499999500000000 0.378592913224298 1.672974072135705 -0.275586298170469
0.533332800000000 0.440230690586019 1.664251587232752 -0.144726603458920
0.566666100000000 0.495915383513871 1.658560301809947 -0.092686775868911
0.599999400000000 0.536776975923946 1.660045195368483 -0.080887739973287
0.633332700000000 0.571338329507810 1.664222953401680 -0.077259840123550
0.666666000000000 0.597074297000437 1.668403171301965 -0.080979863069723
0.699999300000000 0.611654983672226 1.668690850104557 -0.101296258982622
0.733332600000000 0.616726108380451 1.661836702913557 -0.127779669026161
0.766665900000000 0.622563115685441 1.649902078748418 -0.139116822870771
0.799999200000000 0.640265189827000 1.635679808543354 -0.132936835666260
0.833332500000000 0.663871260127696 1.618296685497454 -0.125694771390151
0.866665800000000 0.681451376533991 1.593786304195772 -0.134825486511563
0.899999100000000 0.693293803187964 1.559967454303560 -0.157846170225239
0.933332400000000 0.706824756372932 1.525715926454317 -0.176173076525664
0.966665700000000 0.725341949671266 1.500855087698864 -0.184411903733520
0.999999000000000 0.746359379961215 1.486005550007524 -0.185141505241127
1.033332300000000 0.766346991085051 1.483635926364231 -0.170928642179740
1.066665600000000 0.784364749372396 1.493400593089096 -0.141506461945019
1.099998900000000 0.797977251371638 1.505814738909999 -0.109590357036345
1.133332200000000 0.807521299448470 1.517714268979925 -0.079605137999582
1.166665500000000 0.823713558378169 1.535773472780878 -0.047073518030604
1.199998800000000 0.854992389028075 1.561166587650845 -0.006533869712912
1.233332100000000 0.886578727800401 1.583734029172639 0.046692014335660
1.266665400000000 0.911423763767697 1.601722392064074 0.106470500970809
1.299998700000000 0.947434970844845 1.632193027010739 0.170163378683128
1.333332000000000 1.007397068225188 1.673268208280586 0.244245869212647
1.366665300000000 1.080977082958347 1.700234862014535 0.330028433577818
1.399998600000000 1.146987237046970 1.705458144321405 0.420638338697505
1.433331900000000 1.198057361310046 1.698076932236215 0.503249675001374
1.466665200000000 1.238555436242282 1.684326511109847 0.571998034130089
1.499998500000000 1.274234615552675 1.667955973195451 0.630020395133621
1.533331800000000 1.310042103975151 1.653528419098477 0.678155052795510
1.566665100000000 1.347550190253256 1.643035651302945 0.716633619701076
1.599998400000000 1.384781824096478 1.635522771495170 0.747482154282835
1.633331700000000 1.419360772817277 1.630148233006931 0.776315321424437
1.666665000000000 1.455535313936378 1.624720999125983 0.818490402794391
1.699998300000000 1.463067988201564 1.621681530574157 0.868435757231662
