0.000000000000000 0.160640000000000 2.056012000000000 -0.016973000000000
0.033333300000000 -0.089492918724518 1.995417443239075 -0.817575000018648
0.066666600000000 -0.061569800433738 2.002966376117078 -0.778341454484152
0.099999900000000 -0.034442526919418 2.007626226182740 -0.754042721146874
0.133333200000000 -0.015314194032305 2.011230120375625 -0.744968260882316
0.166666500000000 -0.005904619308514 2.017201670668384 -0.742347919444062
0.199999800000000 0.001587771034607 2.029057632578682 -0.728110964305988
0.233333100000000 0.016849410751899 2.043181774989582 -0.703561628163942
0.266666400000000 0.037086904289953 2.051135971934963 -0.687924677437341
0.299999700000000 0.053707128379076 2.050574811644680 -0.680761363360503
0.333333000000000 0.071880916912729 2.042544519013383 -0.675254356691735
0.366666300000000 0.108523047956899 2.021976043811383 -0.693181142233983
0.399999600000000 0.177156656900248 1.987321708115355 -0.743586424206349
0.433332900000000 0.256236462579339 1.971191402684461 -0.748587863835148
0.466666200000000 0.292518217135461 2.013572251455221 -0.605945599989602
0.499999500000000 0.319594265345380 2.054061660996647 -0.350097477103451
0.533332800000000 0.389673574219893 2.053579936184548 -0.156036820021782
0.566666100000000 0.455868040055804 2.049266560574509 -0.090375863417074
0.599999400000000 0.502688390445416 2.051251214499873 -0.088392856057867
0.633332700000000 0.539763631391694 2.055145562619860 -0.098308833372377
0.666666000000000 0.561122172823355 2.057532653183906 -0.120301599163747
0.699999300000000 0.564873476769789 2.052625255303338 -0.169607099777617
0.733332600000000 0.553891965767892 2.036051538767616 -0.229148474453541
0.766665900000000 0.543007736812600 2.013118354225481 -0.265629220496334
0.799999200000000 0.549643432634548 1.989595905585795 -0.277129772988865
0.833332500000000 0.564963550058601 1.962043561516994 -0.287916394198804
0.866665800000000 0.571584510550464 1.921466225442191 -0.321414997906081
0.899999100000000 0.571657730484651 1.864704320872129 -0.373717939268415
0.933332400000000 0.576104081960868 1.807018551872325 -0.417090991734490
0.966665700000000 0.588589427684759 1.763763945014176 -0.442167958281801
0.999999000000000 0.605693603717383 1.735946241801013 -0.453475817362522
1.033332300000000 0.622341080532017 1.728451798707164 -0.442199723308765
1.066665600000000 0.636893564270835 1.740788353836449 -0.408549611185738
1.099998900000000 0.646068097087152 1.756978888572431 -0.370551438639505
1.133332200000000 0.650338546042965 1.771952255343170 -0.334393552479631
1.166665500000000 0.665921396107080 1.797061689163567 -0.294238685605431
1.199998800000000 0.705352902932160 1.835707487860768 -0.244222370602102
1.233332100000000 0.746049705674920 1.873372352697198 -0.178300747203385
1.266665400000000 0.778636629140424 1.905805732316984 -0.103675632669298
1.299998700000000 0.829840992411386 1.956321730884621 -0.017913048426255
1.333332000000000 0.916836967333525 2.022826883685515 0.089752816216637
1.366665300000000 1.022722047934191 2.070893320062186 0.213928615547489
1.399998600000000 1.114577171228462 2.088870836281010 0.341867756252377
1.433331900000000 1.181118853212504 2.087955885140616 0.458887581537268
1.466665200000000 1.229696491802464 2.076737684261295 0.558015969857740
1.499998500000000 1.269044877408583 2.060542975088743 0.640461678313016
1.533331800000000 1.307704938494296 2.045415996177755 0.704215931127336
1.566665100000000 1.348749518154396 2.034381762073855 0.749909579620465
1.599998400000000 1.388301644142234 2.026756685465691 0.781893559067202
1.633331700000000 1.423574285361077 2.021463896769291 0.809704046449197
1.666665000000000 1.463368422728806 2.015221780003699 0.859821853918550
1.699998300000000 1.440578721039404 2.009052862506212 0.929248518164406
