0.000000000000000 0.146785000000000 0.797018000000000 0.996165000000000
0.033333300000000 0.424529227618001 1.095485291567626 0.422428939726999
0.066666600000000 0.455393161852854 1.088938286047965 0.450075578242715
0.099999900000000 0.483215176896205 1.099161102908577 0.478202416744075
0.133333200000000 0.508766331682389 1.125571976419896 0.501087767526369
0.166666500000000 0.533884316457722 1.156912305281415 0.514726689611202
0.199999800000000 0.565292241433530 1.173504399988246 0.521677976604065
0.233333100000000 0.605230829551401 1.177332641574322 0.527624421147026
0.266666400000000 0.648094493161170 1.189671102057549 0.535290129464175
0.299999700000000 0.687679626523321 1.210788372133421 0.545837230732852
0.333333000000000 0.715710261778346 1.229600252923177 0.564226050315719
0.366666300000000 0.718412122172751 1.260676863490438 0.595292908633547
0.399999600000000 0.689811266758391 1.313597100019909 0.632998794202898
0.433332900000000 0.675453386090197 1.320956409664632 0.670270110962203
0.466666200000000 0.742902258316955 1.187546951824675 0.708034203628296
0.499999500000000 0.896666543843651 0.962507336866052 0.692592890630716
0.533332800000000 1.029583138227810 0.804500780096572 0.645226824426750
0.566666100000000 1.067131780868039 0.756791913398530 0.662998195033673
0.599999400000000 1.037948595109059 0.764646226783351 0.730051142631965
0.633332700000000 1.008864951920748 0.791081956818094 0.792642126138137
0.666666000000000 1.008198110783157 0.840129470380146 0.843938545355055
0.699999300000000 1.018322864340514 0.922406544899157 0.892793850516299
0.733332600000000 1.028965470765014 1.021032519858543 0.935217454297908
0.766665900000000 1.036420571019113 1.099674244604962 0.972865871841489
0.799999200000000 1.036531036054466 1.149522339703534 1.014738380125928
0.833332500000000 1.032077338449663 1.195430881537112 1.055890169216630
0.866665800000000 1.024417224929180 1.262567147692442 1.083042516738704
0.899999100000000 1.011580547007976 1.347434393473563 1.092776616845362
0.933332400000000 1.002418477045750 1.423063845924060 1.093717134138461
0.966665700000000 1.005329350680935 1.478333899347080 1.092942470630373
0.999999000000000 1.018862363403025 1.518066310813783 1.093626784157149
1.033332300000000 1.044590480099791 1.536658205560451 1.105904669207655
1.066665600000000 1.082570143232933 1.535419092145156 1.131223793486496
1.099998900000000 1.126502506179339 1.532638385197589 1.156065925330386
1.133332200000000 1.168439858970655 1.531662623103793 1.177406163839295
1.166665500000000 1.206067081202704 1.520431768430109 1.203568098581476
1.199998800000000 1.246323388729904 1.492996853087854 1.239558841029357
1.233332100000000 1.304446433306677 1.454561119293927 1.279264603151513
1.266665400000000 1.381249590260405 1.412013375622069 1.312210313346588
1.299998700000000 1.451227367238952 1.342673029635305 1.341873910625202
1.333332000000000 1.483619491650325 1.229664889537327 1.378689584870687
1.366665300000000 1.473437632949032 1.096315159685594 1.421719729231793
1.399998600000000 1.453873218006986 0.970496641896876 1.458032554805514
1.433331900000000 1.453145918440037 0.861975737027963 1.476079976510158
1.466665200000000 1.466835420123929 0.770101530144982 1.478979351070955
1.499998500000000 1.490560125505365 0.696964692463176 1.479086577846491
1.533331800000000 1.521642246374105 0.648015238917467 1.487292124224086
1.566665100000000 1.553849211439184 0.620983308338881 1.506180260654220
1.599998400000000 1.585930983389366 0.609989238884792 1.533837141135748
1.633331700000000 1.616001835216974 0.606292730686102 1.565990177986732
1.666665000000000 1.630077870987618 0.583204567130464 1.590055431682002
1.699998300000000 1.695057292746252 0.557424435407940 1.592363912580132
