0.000000000000000 1.170720000000000 0.721927000000000 -0.016162000000000
0.033333300000000 1.130706602593684 0.850381137457994 -0.810504541023863
0.066666600000000 1.151691511825895 0.850616149810319 -0.789786778891715
0.099999900000000 1.172353225005111 0.848486556707966 -0.763223586601088
0.133333200000000 1.192163695933512 0.852780838844015 -0.738847930168993
0.166666500000000 1.211423360039371 0.869221423436240 -0.725056476253140
0.199999800000000 1.227608987210762 0.890235260688175 -0.727314665817599
0.233333100000000 1.237603203370882 0.899230975334559 -0.737939540849672
0.266666400000000 1.242772483921284 0.892163893488052 -0.744059331382441
0.299999700000000 1.248240481573862 0.880305501609185 -0.740801837641697
0.333333000000000 1.262602058450398 0.867708298449328 -0.719842123916507
0.366666300000000 1.292664245745639 0.840172266753406 -0.658620120795686
0.399999600000000 1.333927214765436 0.794182121687548 -0.547768000402193
0.433332900000000 1.370099116013993 0.756258463600586 -0.459982532053810
0.466666200000000 1.397261631620836 0.760909067296938 -0.503857468054963
0.499999500000000 1.392481335254359 0.805994347699570 -0.652233817267193
0.533332800000000 1.369821614711210 0.837033436904394 -0.755511160635510
0.566666100000000 1.398488345385211 0.827985165612113 -0.738437441952642
0.599999400000000 1.470749744805486 0.804888359419583 -0.644703829360258
0.633332700000000 1.539123087463246 0.790640941934334 -0.548146303343512
0.666666000000000 1.596239744885765 0.790580925067195 -0.471599168150074
0.699999300000000 1.649805155446843 0.799222648365366 -0.397532984314187
0.733332600000000 1.702957478386152 0.823325752739320 -0.323962558940188
0.766665900000000 1.757101730976099 0.861657357154497 -0.253043637219618
0.799999200000000 1.811550554893991 0.895497129054149 -0.174254232376823
0.833332500000000 1.864927379004922 0.927150153258801 -0.090091400537684
0.866665800000000 1.913793708195225 0.970778880120798 -0.013660075286984
0.899999100000000 1.953925803400894 1.022662427168358 0.050953176982025
0.933332400000000 1.986346189695212 1.070012262889460 0.100677188601445
0.966665700000000 2.015570477781929 1.106450817080610 0.133774425763430
0.999999000000000 2.042620037123081 1.131547491523532 0.154791909087203
1.033332300000000 2.067103082617371 1.144916825007216 0.167877930106471
1.066665600000000 2.089210151045576 1.148260858372483 0.174316328394307
1.099998900000000 2.107334604326863 1.148111798065757 0.171690389029696
1.133332200000000 2.121705394199887 1.150815786304875 0.164920112735684
1.166665500000000 2.136417812817573 1.145714586491646 0.167748595800402
1.199998800000000 2.153491879414322 1.115184998450709 0.184480157025174
1.233332100000000 2.163596902870705 1.063758748647552 0.189300621901478
1.266665400000000 2.158104083574943 0.999020939992153 0.169922326899888
1.299998700000000 2.145441024805086 0.935295213704726 0.145630535051969
1.333332000000000 2.145073910259288 0.887690532144799 0.144015907075773
1.366665300000000 2.162491920105858 0.846218920751217 0.180130603292183
1.399998600000000 2.186226844927010 0.808900211640924 0.226597515554386
1.433331900000000 2.209578086283877 0.784452155120990 0.251054275908582
1.466665200000000 2.234727738030284 0.772769572873621 0.258642607756471
1.499998500000000 2.263177777245935 0.768300865646084 0.263825037251420
1.533331800000000 2.291505704944211 0.762174187206359 0.273551836057360
1.566665100000000 2.319432461797923 0.750829616289015 0.291310012225662
1.599998400000000 2.350992089149159 0.738900255166829 0.318538432270418
1.633331700000000 2.385048290478256 0.730429199813670 0.352711486128345
1.666665000000000 2.417727466088977 0.723320733204444 0.390529244899739
1.699998300000000 2.500778598473135 0.816637759385194 0.425098249757212
