0.000000000000000 0.170913000000000 1.655126000000000 -0.016561000000000
0.033333300000000 0.001092561683431 1.616397622396997 -0.722951880613828
0.066666600000000 0.027358171978153 1.622580875407166 -0.687710467281210
0.099999900000000 0.052802755952832 1.627380526774891 -0.661216226483126
0.133333200000000 0.072613294608950 1.632780546661636 -0.645670900702256
0.166666500000000 0.085897702738431 1.641216147680844 -0.637359779925470
0.199999800000000 0.097661257028365 1.653826111203389 -0.624252984718166
0.233333100000000 0.113637233622113 1.666896459138625 -0.604280370313130
0.266666400000000 0.132031293520976 1.674640403914490 -0.587665314210526
0.299999700000000 0.148047215317984 1.675553714185059 -0.574580318997768
0.333333000000000 0.166257251123488 1.669814287910273 -0.561322045718193
0.366666300000000 0.197925284214517 1.654099962594183 -0.560932444713696
0.399999600000000 0.250977293403396 1.628853207836245 -0.579677494605440
0.433332900000000 0.311899603153722 1.615385814570149 -0.572181265777975
0.466666200000000 0.348259138504800 1.638027693141625 -0.476815728491693
0.499999500000000 0.379297677851539 1.659343145648940 -0.312043759394924
0.533332800000000 0.436407357086514 1.656182512927422 -0.182617466339127
0.566666100000000 0.491613986137382 1.651895824980339 -0.130798822393796
0.599999400000000 0.535138302899621 1.652728788060087 -0.119087612536124
0.633332700000000 0.572402126265654 1.655817588458471 -0.115255412308075
0.666666000000000 0.599904436319528 1.658398641156865 -0.118494460455412
0.699999300000000 0.616005898405706 1.656147196921888 -0.137890953282121
0.733332600000000 0.622730621897451 1.646550863354514 -0.163074629563615
0.766665900000000 0.630417118185225 1.632813316595006 -0.173201044760049
0.799999200000000 0.650106873291468 1.617615391441280 -0.165986244667206
0.833332500000000 0.675786294523837 1.599360736151867 -0.157552378122612
0.866665800000000 0.695544367167909 1.573636812774184 -0.165005462314132
0.899999100000000 0.709553576022486 1.538354868632774 -0.185845478337713
0.933332400000000 0.724845866078450 1.502935848115282 -0.202091273947877
0.966665700000000 0.744523907558499 1.477341815058568 -0.208796813605241
0.999999000000000 0.766182711185878 1.461995166373826 -0.208507770472956
1.033332300000000 0.786259541057101 1.459450839021568 -0.194037455169650
1.066665600000000 0.803843505894482 1.469344052332631 -0.165113795720550
1.099998900000000 0.816713518731607 1.481862635471621 -0.133894561514027
1.133332200000000 0.825501278714321 1.493881936060669 -0.104588844334419
1.166665500000000 0.840920903779568 1.512174777241012 -0.072811702813592
1.199998800000000 0.871082462842035 1.537732219822281 -0.033130585024566
1.233332100000000 0.900723411965317 1.560357352880866 0.018962891742344
1.266665400000000 0.922641124232363 1.578295658059018 0.077473875461545
1.299998700000000 0.955588419222921 1.609600856082889 0.139527445476469
1.333332000000000 1.013758407245432 1.653228209546172 0.211483434066754
1.366665300000000 1.087321709380955 1.683591878375066 0.295413376793337
1.399998600000000 1.154045522892226 1.692111369950972 0.384756733876540
1.433331900000000 1.205526443710984 1.687753267897765 0.466465438000791
1.466665200000000 1.246216570175103 1.676745622596944 0.534591049685759
1.499998500000000 1.281970808206541 1.662644948927401 0.592239584217940
1.533331800000000 1.317638985064731 1.649670178544943 0.640170230740617
1.566665100000000 1.354948980073632 1.639812689388090 0.678550608335254
1.599998400000000 1.392121938720105 1.632367555579067 0.709382119390006
1.633331700000000 1.426811240549127 1.626877242132144 0.738246482746672
1.666665000000000 1.463497047810648 1.622132781942591 0.780472548376672
1.699998300000000 1.472182003921284 1.621647627129988 0.830588975373529
