0.000000000000000 1.155198000000000 0.664824000000000 0.017709000000000
0.033333300000000 1.136737862284437 0.804253821371169 -0.760656559441861
0.066666600000000 1.157781334709849 0.804010487140961 -0.740392892646632
0.099999900000000 1.178416818218447 0.802186798682070 -0.713539634993645
0.133333200000000 1.198492594510482 0.807394097957630 -0.688361134306273
0.166666500000000 1.218470628004853 0.824738729174475 -0.673865113119922
0.199999800000000 1.235702869961286 0.845833871594098 -0.676207545067915
0.233333100000000 1.246669275277515 0.854471742579363 -0.687310008893158
0.266666400000000 1.252666644285976 0.847769884005398 -0.693263591616179
0.299999700000000 1.259023846912259 0.836947479544045 -0.689297152114063
0.333333000000000 1.273778324807985 0.825525926267238 -0.667452541462302
0.366666300000000 1.302362168164233 0.800263316819343 -0.604194408014085
0.399999600000000 1.339404592672515 0.758226711642415 -0.490095333100001
0.433332900000000 1.371496376362669 0.721672867232980 -0.401238903280853
0.466666200000000 1.399851463941696 0.719267567844264 -0.449929642448247
0.499999500000000 1.400165071822572 0.753680056011727 -0.609186113361532
0.533332800000000 1.379902564259587 0.778716126728670 -0.721652697526982
0.566666100000000 1.407215175821374 0.768295453763904 -0.706658427391894
0.599999400000000 1.476237603461806 0.745687807874459 -0.611325575389725
0.633332700000000 1.541922408108758 0.732407908817781 -0.512790859746097
0.666666000000000 1.598291443241098 0.733962934113757 -0.433663388623944
0.699999300000000 1.652395270603880 0.745542404082033 -0.355572883475750
0.733332600000000 1.706851976298909 0.773479622825970 -0.277603867182820
0.766665900000000 1.762254655599017 0.815064387933255 -0.203531292082482
0.799999200000000 1.816906142226557 0.851198277649750 -0.122699803718905
0.833332500000000 1.869954394614114 0.885207042735016 -0.036570990153846
0.866665800000000 1.918859890673308 0.932441225315982 0.042495848293396
0.899999100000000 1.959183614751099 0.989274129633816 0.110168967701792
0.933332400000000 1.991684853936347 1.041423722350160 0.162346628562933
0.966665700000000 2.020973084411095 1.081485322008241 0.196992032163022
0.999999000000000 2.048156730381424 1.109126030343137 0.218944483251996
1.033332300000000 2.073128429149810 1.123483111976417 0.232323417229678
1.066665600000000 2.096171990367785 1.126295604034829 0.238487866280460
1.099998900000000 2.115649285005770 1.125440135555883 0.235453948671910
1.133332200000000 2.131526016831731 1.127539047740503 0.228250030996557
1.166665500000000 2.146973945557265 1.121087136294757 0.230446193078988
1.199998800000000 2.163593344323166 1.088264231987633 0.246303828838873
1.233332100000000 2.173767542656824 1.034349179110008 0.249968283069074
1.266665400000000 2.169392269436003 0.967336959530975 0.229231902626400
1.299998700000000 2.156720546435031 0.899682443059680 0.202669394575443
1.333332000000000 2.153312018311965 0.845823169363586 0.197196589311012
1.366665300000000 2.165337450477521 0.798111264503004 0.228364240439143
1.399998600000000 2.184161560506303 0.756010751971277 0.269578509767982
1.433331900000000 2.204590705787469 0.728029725649344 0.289009054557669
1.466665200000000 2.228234215651471 0.713678945967319 0.292035147536129
1.499998500000000 2.256010622240751 0.707311214937603 0.293453134213410
1.533331800000000 2.283979066215724 0.700106271953886 0.300752081270641
1.566665100000000 2.311481356817106 0.688338297086003 0.317397263668681
1.599998400000000 2.342703326600374 0.676380735644529 0.344452440607813
1.633331700000000 2.376552387468648 0.667995493218324 0.378764924420010
1.666665000000000 2.408204639313466 0.660473022821813 0.415195229653332
1.699998300000000 2.495351615049943 0.752073027547628 0.446332019739660
