0.000000000000000 0.104159000000000 0.068790000000000 1.020250000000000
0.033333300000000 0.263022651880957 -0.553617114560439 -0.257164072004244
0.066666600000000 0.288669054742518 -0.584385776696597 -0.266498951152262
0.099999900000000 0.358039306439745 -0.585822974865242 -0.233079701694162
0.133333200000000 0.483118758228630 -0.538934275175419 -0.137913497795358
0.166666500000000 0.643922966849335 -0.439153566971701 -0.010401117154806
0.199999800000000 0.798668439851794 -0.317506832624618 0.101960794832223
0.233333100000000 0.924439093160338 -0.194577010743232 0.201892739814390
0.266666400000000 1.006358870756676 -0.066046517950809 0.326206777862498
0.299999700000000 1.048517942597106 0.054683042559058 0.466060589588205
0.333333000000000 1.084816653451526 0.142212730099956 0.574306848744071
0.366666300000000 1.128929571904737 0.184269753662584 0.638653521521673
0.399999600000000 1.157869938862671 0.189102740168273 0.691590023385918
0.433332900000000 1.162514137596343 0.182420375922695 0.749185899746726
0.466666200000000 1.169200576710171 0.189392908081964 0.787456649516495
0.499999500000000 1.198754426206635 0.207082573492000 0.790540690008780
0.533332800000000 1.230359532537758 0.206305235048819 0.779100514983900
0.566666100000000 1.236920656512732 0.192367946136774 0.779751481490147
0.599999400000000 1.230878157625628 0.189365994927281 0.785376342248584
0.633332700000000 1.232998686854770 0.176406719870851 0.784946134644804
0.666666000000000 1.242788602601294 0.132793158791080 0.781011069758701
0.699999300000000 1.253738636149036 0.076128974853419 0.774197454053668
0.733332600000000 1.264356224130503 0.018724278493901 0.763035053404196
0.766665900000000 1.270001599116096 -0.037425203330529 0.751492316996023
0.799999200000000 1.266647392261724 -0.085899657055707 0.745409736608109
0.833332500000000 1.256435264040147 -0.125993748062748 0.743316242249194
0.866665800000000 1.248134910430398 -0.156895800770269 0.739254965861527
0.899999100000000 1.246148242960541 -0.183400444109292 0.731113263231494
0.933332400000000 1.244574410248766 -0.236254264837507 0.712137108894353
0.966665700000000 1.234588419337822 -0.326157074595170 0.673616791321105
0.999999000000000 1.223097660802585 -0.408501273717384 0.627204166505363
1.033332300000000 1.222645511991396 -0.458482164128857 0.597007509942969
1.066665600000000 1.224776208604567 -0.500306349345286 0.582659590231010
1.099998900000000 1.221718989840978 -0.552491749178111 0.561502628449885
1.133332200000000 1.237122292108456 -0.591106914985807 0.541465630330615
1.166665500000000 1.309506065789917 -0.581470242487506 0.575537355286016
1.199998800000000 1.441209199839998 -0.523504408331912 0.656076378830738
1.233332100000000 1.599795038657652 -0.451795030414730 0.715826386769874
1.266665400000000 1.755991744622809 -0.384096824401382 0.755899423304041
1.299998700000000 1.897421679543655 -0.291972058409164 0.844111991773042
1.333332000000000 2.015689209554336 -0.130119680562258 0.989104810282540
1.366665300000000 2.088730543478598 0.095492780205914 1.131252651506397
1.399998600000000 2.108916557916145 0.284881791797848 1.240031308935311
1.433331900000000 2.119454133101157 0.374842716155000 1.319616124227644
1.466665200000000 2.146941455658450 0.408459533347360 1.380132809901894
1.499998500000000 2.167469796482377 0.427237402926462 1.443533048292012
1.533331800000000 2.177669051154510 0.427795108875239 1.501083563497543
1.566665100000000 2.205322581072932 0.398835598346116 1.520846358521604
1.599998400000000 2.240817626842145 0.352627762605368 1.509866625642151
1.633331700000000 2.254698851696592 0.294456203919444 1.515134523048378
1.666665000000000 2.245519937036235 0.202218507824391 1.549277894489773
1.699998300000000 2.210798545772791 0.084521429523194 1.590191173913001
