0.000000000000000 0.096441000000000 1.900179000000000 0.020250000000000
0.033333300000000 0.036617036162020 1.915675258198547 -0.433400130866750
0.066666600000000 0.031486063022788 1.917342686932316 -0.406155558340833
0.099999900000000 0.024439053647923 1.919954440807935 -0.388024386294258
0.133333200000000 0.003904044887002 1.921800119222668 -0.389076201713397
0.166666500000000 -0.028311376472500 1.919078644090195 -0.411336178842624
0.199999800000000 -0.051722222558878 1.911570893964916 -0.437875662965314
0.233333100000000 -0.047726175145939 1.905279477822532 -0.451455486495040
0.266666400000000 -0.015408715550623 1.903731423652470 -0.445432558568136
0.299999700000000 0.024493159164148 1.903963688635861 -0.417066991280548
0.333333000000000 0.053562627428339 1.903140424197871 -0.374650244525783
0.366666300000000 0.073655470175986 1.900104343976944 -0.336828772359924
0.399999600000000 0.092744207522262 1.893504529071975 -0.312794945403422
0.433332900000000 0.120230398393052 1.885720947607710 -0.296147320196080
0.466666200000000 0.162471674191901 1.882086792248617 -0.275316843044272
0.499999500000000 0.218012527373587 1.884830173229753 -0.242828127849693
0.533332800000000 0.281988043495713 1.891558336267049 -0.203335948678088
0.566666100000000 0.347696112997833 1.898225690453372 -0.163295123075877
0.599999400000000 0.408188485546937 1.903371856846282 -0.124684646694850
0.633332700000000 0.462212088931488 1.909186605370356 -0.092260123485360
0.666666000000000 0.510949913335190 1.915574852240912 -0.067461805153143
0.699999300000000 0.554611110325954 1.920352542709815 -0.042185382785796
0.733332600000000 0.594400183356297 1.924088309973189 -0.008048068006391
0.766665900000000 0.634021164857580 1.927704324232115 0.036637126829447
0.799999200000000 0.676689932124647 1.929879298133949 0.088444782865894
0.833332500000000 0.725629529860999 1.928782076987907 0.143683814689128
0.866665800000000 0.781425182455524 1.922668529175968 0.199276923073335
0.899999100000000 0.836584119818189 1.912163349110796 0.250946512906706
0.933332400000000 0.880826322325152 1.902657231582071 0.294187533631391
0.966665700000000 0.911427254589525 1.898142436941985 0.329060961825755
0.999999000000000 0.934496900204017 1.896746223300341 0.362692419311465
1.033332300000000 0.954410861797351 1.896585327004762 0.400792947048446
1.066665600000000 0.968613635874377 1.897999748768463 0.438728150656760
1.099998900000000 0.972171621656984 1.900762779022589 0.466429315612944
1.133332200000000 0.961727565007313 1.903758466147937 0.478358718603953
1.166665500000000 0.938022263919891 1.906419051131194 0.474264259264470
1.199998800000000 0.904674702020121 1.907495250652913 0.461960561782544
1.233332100000000 0.865846825273471 1.904082185643625 0.458398404574559
1.266665400000000 0.835019771108306 1.897247099538028 0.469341636141640
1.299998700000000 0.839851124837452 1.896044184246566 0.473935378554412
1.333332000000000 0.890358661619142 1.905997571275066 0.474281735746571
1.366665300000000 0.955823016281503 1.917753408114740 0.485633861607725
1.399998600000000 1.002278683667018 1.920966102699975 0.501559500835200
1.433331900000000 1.023353248308038 1.912461976591690 0.510897060277758
1.466665200000000 1.031709115793495 1.893307096737997 0.507310566866974
1.499998500000000 1.048695914927289 1.872025443253185 0.501437017155429
1.533331800000000 1.087549481101869 1.859162811949616 0.508723278394644
1.566665100000000 1.143807693538512 1.857322821279626 0.533901002597475
1.599998400000000 1.208067486483678 1.862247089694111 0.572467403872636
1.633331700000000 1.270045744469608 1.869133986340571 0.620619336336705
1.666665000000000 1.326777350145697 1.876453192951188 0.670476877072998
1.699998300000000 1.389516491204095 1.884487756039652 0.710413638355534
