0.000000000000000 0.135031000000000 0.761227000000000 1.023149000000000
0.033333300000000 0.427954961970632 1.068014702125381 0.459589687465373
0.066666600000000 0.458904499049653 1.061117143959058 0.486966539425087
0.099999900000000 0.486745610859569 1.071573899117553 0.515266874048781
0.133333200000000 0.512490287755202 1.098664216270249 0.538629651441496
0.166666500000000 0.538084154850052 1.130667340623630 0.552685241224638
0.199999800000000 0.570217739490293 1.147311841568342 0.559585472110957
0.233333100000000 0.610907042436284 1.150878998799739 0.565244552121446
0.266666400000000 0.654467470715201 1.163500920804746 0.572996846009548
0.299999700000000 0.694767816093677 1.185393758620813 0.583944442991950
0.333333000000000 0.723107214343366 1.205076256660939 0.602841408707676
0.366666300000000 0.724760297757582 1.237826518700217 0.635103094047737
0.399999600000000 0.693195239267791 1.293631750196059 0.674678789278076
0.433332900000000 0.676041332605362 1.301991017891370 0.712546069695057
0.466666200000000 0.744430429188195 1.163461488903886 0.747592313201074
0.499999500000000 0.902118451050885 0.930441418818936 0.725598072960153
0.533332800000000 1.037216021121747 0.767751399794781 0.672402375923670
0.566666100000000 1.073951050706022 0.718943832532544 0.688849848096017
0.599999400000000 1.042298619639371 0.727197065184729 0.756994157221018
0.633332700000000 1.011094904384245 0.754409700374082 0.820881484705837
0.666666000000000 1.009696862053414 0.804736923186746 0.873811774186115
0.699999300000000 1.019959067866729 0.889295114534811 0.925170447927950
0.733332600000000 1.031216550005435 0.990823118011576 0.970283300153870
0.766665900000000 1.039227257842058 1.071861819549844 1.009823685286434
0.799999200000000 1.039186646688345 1.123362759396428 1.052894818542782
0.833332500000000 1.034223111009667 1.170948458913550 1.095174963929115
0.866665800000000 1.026274415586231 1.240628950620816 1.123816954872293
0.899999100000000 1.013246991035732 1.328952924111899 1.135237771051446
0.933332400000000 1.003879220710842 1.407895319399470 1.137478638165133
0.966665700000000 1.006660267389054 1.465643328844092 1.137489766133727
0.999999000000000 1.020185131833449 1.507111005106830 1.138632575594347
1.033332300000000 1.046216382306128 1.526374001541766 1.151058642366828
1.066665600000000 1.084866657787283 1.524769743649507 1.176263812934070
1.099998900000000 1.129784651032922 1.521511409161895 1.200929121632714
1.133332200000000 1.172808315638572 1.520122867227037 1.222072024109141
1.166665500000000 1.211025388293755 1.507974059797050 1.247924744626700
1.199998800000000 1.251151604344876 1.479006051884777 1.283470519635546
1.233332100000000 1.309603310144761 1.438916780702995 1.322576824232725
1.266665400000000 1.387553526963181 1.394864387184243 1.354795030342631
1.299998700000000 1.457964258821469 1.322813968143629 1.383196059784987
1.333332000000000 1.488638883644736 1.205342015802540 1.417811066318289
1.366665300000000 1.474959792737317 1.067420890307038 1.457914926003832
1.399998600000000 1.452104614772455 0.937999536135831 1.491018882157485
1.433331900000000 1.449419694417317 0.826735682697626 1.505938681745439
1.466665200000000 1.462102555944970 0.732728839539116 1.505963984597126
1.499998500000000 1.485378467566455 0.658031972864698 1.503676864926360
1.533331800000000 1.516246287824824 0.608172618442188 1.510329868861906
1.566665100000000 1.548204889987772 0.580770965687375 1.528505080627314
1.599998400000000 1.580075169079870 0.569745708703636 1.556051014510985
1.633331700000000 1.609995719506074 0.566120143880220 1.588292157638575
1.666665000000000 1.623331539762087 0.542660529428387 1.611455349317544
1.699998300000000 1.690813180096807 0.515445651435886 1.611522661418364
