0.000000000000000 1.150030000000000 0.709310000000000 -0.061551000000000
0.033333300000000 1.101523693224874 0.822668104721815 -0.842563393956787
0.066666600000000 1.122124427739941 0.823365797611343 -0.821890235928083
0.099999900000000 1.142485305548566 0.821182218260971 -0.795000996492260
0.133333200000000 1.162162684307359 0.824887624483763 -0.769982052243646
0.166666500000000 1.181457454588961 0.840560755077913 -0.755520171199602
0.199999800000000 1.197436731658099 0.861334772359541 -0.757345005442703
0.233333100000000 1.206627348445216 0.870649251152177 -0.767452351341969
0.266666400000000 1.210674522286346 0.863687881079282 -0.772454114728456
0.299999700000000 1.215223797977117 0.851493994482132 -0.767768895911463
0.333333000000000 1.229242250110558 0.838375410934515 -0.745806156201244
0.366666300000000 1.259734200793359 0.809905254227498 -0.684055256573154
0.399999600000000 1.302095559720771 0.762615258672819 -0.573020822155945
0.433332900000000 1.338916018861949 0.724821575384301 -0.486188688225272
0.466666200000000 1.364914881746671 0.733297368879599 -0.532817896433286
0.499999500000000 1.356197034841554 0.785376374878485 -0.682329910872548
0.533332800000000 1.329653278494180 0.822067373016427 -0.783970742629222
0.566666100000000 1.357733819081958 0.815085548540380 -0.767074790602026
0.599999400000000 1.431977002294189 0.792029310127731 -0.675988736255794
0.633332700000000 1.502626851387068 0.776996959754496 -0.581751252570496
0.666666000000000 1.561429263677108 0.774949249841717 -0.506114487034114
0.699999300000000 1.616632022533401 0.780024365972613 -0.431860770393513
0.733332600000000 1.671743646388979 0.799747092241486 -0.357386621977886
0.766665900000000 1.728190577734589 0.834379968440023 -0.285716491290933
0.799999200000000 1.785079801007627 0.865660457249848 -0.206758052912562
0.833332500000000 1.841045677168650 0.894950964733491 -0.122345124132254
0.866665800000000 1.892853076226374 0.935483727609128 -0.044695027388174
0.899999100000000 1.936117056714863 0.983835164818862 0.022270114792809
0.933332400000000 1.971210472944632 1.028309155498991 0.074615981188932
0.966665700000000 2.002274966658080 1.062875912805733 0.109860346724057
0.999999000000000 2.030393452045469 1.086821119752214 0.132487460414274
1.033332300000000 2.055144855717756 1.099769305416167 0.146287922480656
1.066665600000000 2.076783082371386 1.103321783925616 0.152556890526815
1.099998900000000 2.094063876693704 1.103488471159840 0.149779830069820
1.133332200000000 2.107639643875806 1.106456627660165 0.142969125920645
1.166665500000000 2.121342229935899 1.101989126827765 0.145204515049415
1.199998800000000 2.136579996441894 1.072774624939603 0.160757277065034
1.233332100000000 2.143849836281811 1.023094206854962 0.164726764004020
1.266665400000000 2.134593630240279 0.960379899997951 0.145395692852769
1.299998700000000 2.118013428817497 0.899911223652448 0.120270567739219
1.333332000000000 2.114924050383287 0.857317174997205 0.115452420223055
1.366665300000000 2.131526620319235 0.821660074852122 0.147184571839793
1.399998600000000 2.155562102478598 0.789728052693729 0.189997909443325
1.433331900000000 2.179171782099258 0.769801650495154 0.212218139514228
1.466665200000000 2.204460574122098 0.761803065129143 0.218504588288075
1.499998500000000 2.232966988257421 0.760138674249454 0.222982498516710
1.533331800000000 2.261128033948523 0.755857699653715 0.232506431931258
1.566665100000000 2.288823809814305 0.745534038936029 0.250291804143832
1.599998400000000 2.320310263664308 0.733902894875051 0.277537480024997
1.633331700000000 2.354482209741706 0.725385762130897 0.311629804629816
1.666665000000000 2.387703357025621 0.719430028065068 0.348925862844068
1.699998300000000 2.472216326440402 0.812701544738937 0.382482185408345
