0.000000000000000 0.170913000000000 0.655126000000000 0.983439000000000
0.033333300000000 0.472414350217041 0.960013788754048 0.437658318628652
0.066666600000000 0.502559039141099 0.953051544218448 0.463773188931753
0.099999900000000 0.529691815323178 0.963110741335615 0.492613257108503
0.133333200000000 0.555397648989713 0.989831333861393 0.517744578361306
0.166666500000000 0.581780015059375 1.021866002149375 0.533326399012926
0.199999800000000 0.614453587318294 1.038830485830519 0.539665426565777
0.233333100000000 0.654203944900819 1.042341458721203 0.543638913482956
0.266666400000000 0.695871791432265 1.054249230868207 0.551280990635057
0.299999700000000 0.734740569363023 1.075341220996448 0.563635772673623
0.333333000000000 0.762579998084342 1.094465619522701 0.584702862929830
0.366666300000000 0.763957521341400 1.126325967563793 0.622732253037656
0.399999600000000 0.730954912056831 1.180968683265609 0.672928164906728
0.433332900000000 0.710990378833901 1.188452985428524 0.715628856937375
0.466666200000000 0.777882432047804 1.050073632586210 0.735510072735709
0.499999500000000 0.930678474881955 0.822252253365912 0.685582450526862
0.533332800000000 1.056676909267007 0.666017467094337 0.614150294459576
0.566666100000000 1.090242368890746 0.618772278021407 0.627026880575620
0.599999400000000 1.061469617283674 0.625664952452328 0.698295544303699
0.633332700000000 1.033926728199540 0.651181544530059 0.766618422800802
0.666666000000000 1.036271954372028 0.699649323295735 0.825106691880426
0.699999300000000 1.051357748402963 0.781960458746536 0.884980648387563
0.733332600000000 1.068805526769831 0.882226461938967 0.940023457028808
0.766665900000000 1.083407718347838 0.963824448026759 0.987511413127818
0.799999200000000 1.088831774316241 1.016623666757268 1.036648117091238
0.833332500000000 1.088782611621708 1.065837094301465 1.085342052490979
0.866665800000000 1.086448170653198 1.138163874730002 1.122456201834321
0.899999100000000 1.079135529969804 1.230449150872677 1.144042956188703
0.933332400000000 1.074252642600169 1.313785309899927 1.155162194794621
0.966665700000000 1.079971277879748 1.375185725420298 1.161253986582247
0.999999000000000 1.095237321286555 1.419204129738290 1.166225654869989
1.033332300000000 1.122127758277293 1.439503688564520 1.179568984772291
1.066665600000000 1.160951940857931 1.437457336983927 1.202898193650241
1.099998900000000 1.205829752130006 1.433387383349490 1.224869106986694
1.133332200000000 1.248966961041944 1.431401099893049 1.243288361127042
1.166665500000000 1.286243041215077 1.417793726278845 1.266135798445941
1.199998800000000 1.323011001787108 1.385521184192959 1.298256810258874
1.233332100000000 1.376684539424501 1.341332813247289 1.332541688840593
1.266665400000000 1.448671058195418 1.293030951031944 1.358846793662793
1.299998700000000 1.511155988247845 1.216621257280622 1.379249878593232
1.333332000000000 1.533063401074121 1.096109434296910 1.403096204076101
1.366665300000000 1.512015902013356 0.957468297500251 1.432242030567445
1.399998600000000 1.484285793758258 0.829266357763049 1.455476047441376
1.433331900000000 1.478622911585919 0.720510687175359 1.461382574887928
1.466665200000000 1.489706775179489 0.629720772142475 1.453531462660245
1.499998500000000 1.512236128750620 0.558229460273083 1.445025788711877
1.533331800000000 1.542228517190903 0.510595048579644 1.447677128763097
1.566665100000000 1.573062827155113 0.484143715234490 1.463952143787075
1.599998400000000 1.604300950131872 0.473163329297502 1.491191321745215
1.633331700000000 1.634222945510995 0.469317314395094 1.523762490439835
1.666665000000000 1.647467470664358 0.446913797049174 1.545335425669796
1.699998300000000 1.723750419445439 0.425264990537630 1.541491162155215
