0.000000000000000 1.126598000000000 0.737659000000000 0.040129000000000
0.033333300000000 1.101175959732278 0.876504331481623 -0.748791965997957
0.066666600000000 1.122739037214821 0.876364191968320 -0.727644072739464
0.099999900000000 1.143835892279864 0.874820059761004 -0.701125021303831
0.133333200000000 1.163924650299157 0.880221683542952 -0.677102645450232
0.166666500000000 1.183357534075644 0.897450552869784 -0.663588199447962
0.199999800000000 1.200192520278864 0.918286165072107 -0.665472839674634
0.233333100000000 1.211728941300680 0.927002997724767 -0.675312352734914
0.266666400000000 1.218927888008378 0.920828702070815 -0.681030074784804
0.299999700000000 1.226188073250987 0.910544038413424 -0.677855473039819
0.333333000000000 1.241256020580572 0.899463920167252 -0.657401346038737
0.366666300000000 1.270073869952415 0.874737215287281 -0.598139819417602
0.399999600000000 1.308229191022083 0.833404014710826 -0.491516973101737
0.433332900000000 1.342349444731873 0.797510001145083 -0.406212747016587
0.466666200000000 1.371624469233731 0.795426181256238 -0.444576509011279
0.499999500000000 1.374942913242255 0.826958835614790 -0.584294010167247
0.533332800000000 1.360643864900557 0.848103575175720 -0.683704863306747
0.566666100000000 1.390108384646188 0.836839151610176 -0.666227341246410
0.599999400000000 1.457311872847355 0.815211292874267 -0.573459292509163
0.633332700000000 1.520671419028762 0.803042061855832 -0.478370436844582
0.666666000000000 1.574602823929427 0.805666437877273 -0.403282300951804
0.699999300000000 1.625513121995046 0.818390926476111 -0.331159844818097
0.733332600000000 1.675860616984381 0.846673120333364 -0.260059602161312
0.766665900000000 1.726915938654952 0.887394462157255 -0.191485999537349
0.799999200000000 1.778024753111245 0.922283803963559 -0.114912696714955
0.833332500000000 1.827934375430821 0.954842072134263 -0.033279441369201
0.866665800000000 1.873257957967568 0.999818165730434 0.039972901823774
0.899999100000000 1.909956997367003 1.053417305174195 0.100790975846573
0.933332400000000 1.939642478082339 1.102114620700883 0.147057426686294
0.966665700000000 1.967098949710431 1.139373092208802 0.177701166128638
0.999999000000000 1.993195250789113 1.165077966710368 0.197169036434082
1.033332300000000 2.017600581896620 1.178654195572528 0.209999366956582
1.066665600000000 2.040469074593589 1.181802145045651 0.217469709389323
1.099998900000000 2.059877539304856 1.181557090226228 0.216324040020822
1.133332200000000 2.075585137584787 1.184108728314192 0.211044133929868
1.166665500000000 2.091572487866651 1.178761814279470 0.215284945357777
1.199998800000000 2.110317518097698 1.148436871485828 0.233400599605777
1.233332100000000 2.123495610752839 1.097641463323122 0.240357175884407
1.266665400000000 2.122853353290925 1.033897397551819 0.223810539820196
1.299998700000000 2.115271571784015 0.969736158143034 0.202784249049369
1.333332000000000 2.117672790202883 0.918641897151274 0.204465152247443
1.366665300000000 2.134744117157967 0.872157799035129 0.242741732067018
1.399998600000000 2.157003624534286 0.829868424196449 0.290388227253815
1.433331900000000 2.179542857245929 0.800680628311236 0.315841968131345
1.466665200000000 2.204320337452164 0.784515664419402 0.324219606105585
1.499998500000000 2.232625422705509 0.776230961627162 0.329905220353216
1.533331800000000 2.261187734955424 0.767684974245230 0.339985075561175
1.566665100000000 2.289450942818835 0.755377015981905 0.357968493041982
1.599998400000000 2.321107182522594 0.743428523982043 0.385241584568182
1.633331700000000 2.354968266118373 0.735194826855488 0.419310317367393
1.666665000000000 2.386745686392773 0.727075612848834 0.456778422967939
1.699998300000000 2.467899139194287 0.814688115137070 0.490505156379039
