0.000000000000000 0.104159000000000 1.023518000000000 0.114920000000000
0.033333300000000 0.402792585845519 0.752829627565002 -0.187959519875488
0.066666600000000 0.463559512005058 0.712417687206325 -0.129232542836599
0.099999900000000 0.508428624407820 0.712574303457855 -0.082495864692004
0.133333200000000 0.529936491013394 0.773308676691836 -0.054520622513999
0.166666500000000 0.525227108595121 0.870598571959697 -0.050258245525082
0.199999800000000 0.507090001935807 0.955490848928564 -0.057998200496882
0.233333100000000 0.478401757263691 1.014611589681895 -0.062761149781214
0.266666400000000 0.438642239666750 1.053021866422584 -0.069408790031222
0.299999700000000 0.411212175620537 1.070669407718957 -0.074994886376677
0.333333000000000 0.413427027988579 1.077235460479945 -0.062950106790723
0.366666300000000 0.442213919075398 1.081974131969151 -0.034901518998710
0.399999600000000 0.487877638623901 1.083160370773449 -0.003319491343462
0.433332900000000 0.534997842194061 1.079403594233429 0.019273324188861
0.466666200000000 0.562933782807521 1.072930631762129 0.023958345699747
0.499999500000000 0.569607422381403 1.065433284967816 0.016889562839243
0.533332800000000 0.577015377380842 1.057988283283852 0.018242208099248
0.566666100000000 0.589530700953323 1.051292310215795 0.021949960565151
0.599999400000000 0.593987669841262 1.046653797861461 0.016899867401058
0.633332700000000 0.605243130512756 1.046998057149117 0.023945709006441
0.666666000000000 0.640205455560115 1.050193636310358 0.055478246494757
0.699999300000000 0.684859913197764 1.050585377486256 0.097485047764852
0.733332600000000 0.729901356666982 1.046880290144073 0.139832700042014
0.766665900000000 0.774117102364852 1.039520308612131 0.181040835209598
0.799999200000000 0.813343907049181 1.030160708963673 0.216209263274163
0.833332500000000 0.845711096377000 1.020120582080607 0.244462023444256
0.866665800000000 0.873627509752279 1.010470011921606 0.261626209315652
0.899999100000000 0.901891728497141 1.000622793782936 0.272087753192348
0.933332400000000 0.948844101099658 0.979578415921236 0.305415533939715
0.966665700000000 1.022148992044236 0.936834908283131 0.372205551646323
0.999999000000000 1.094025005261637 0.887677129482807 0.441759234633481
1.033332300000000 1.149663964408243 0.851604790711152 0.499673921935542
1.066665600000000 1.206581137940686 0.815124913432128 0.561745470851517
1.099998900000000 1.276146721037429 0.759934016588873 0.637028117563287
1.133332200000000 1.343300452222684 0.709940434792649 0.706177362861165
1.166665500000000 1.386542658338967 0.720556963993788 0.748507038979222
1.199998800000000 1.411396110094086 0.787594884696769 0.762179095023563
1.233332100000000 1.447277836865010 0.854425025739755 0.756516996829829
1.266665400000000 1.491096581849511 0.904642751494898 0.745469200870813
1.299998700000000 1.496769867264735 0.957547589508185 0.747640884874843
1.333332000000000 1.430855171706086 1.022430273000880 0.742678927713925
1.366665300000000 1.318901751330499 1.071343819202865 0.699736321163766
1.399998600000000 1.236540848376834 1.080283519876513 0.659148694239966
1.433331900000000 1.223973137463477 1.071942284752301 0.653812918171060
1.466665200000000 1.253418858318666 1.061728056432477 0.668806184733570
1.499998500000000 1.290973858621725 1.049910586250601 0.685139390244450
1.533331800000000 1.327657581435689 1.038806682601899 0.704043212572623
1.566665100000000 1.361583008513647 1.032146777868132 0.734622167799971
1.599998400000000 1.388855500597967 1.027854838547076 0.768680506882003
1.633331700000000 1.424977246298384 1.025863105426232 0.802579988400215
1.666665000000000 1.493801719389178 1.027197399811283 0.852530106322752
1.699998300000000 1.577158547870002 1.024753455872028 0.922664356047441
