0.000000000000000 1.104159000000000 0.068790000000000 0.020250000000000
0.033333300000000 0.378180721382459 0.190447514914029 -1.454288312086997
0.066666600000000 0.421137087904047 0.218317533666135 -1.423270153993614
0.099999900000000 0.468988555557572 0.231799343131733 -1.381637061704294
0.133333200000000 0.529205577935245 0.224911134334421 -1.327205806447892
0.166666500000000 0.595784924778313 0.209492134147908 -1.266164424201409
0.199999800000000 0.656578712599772 0.196544604078993 -1.207833704252423
0.233333100000000 0.724993685721938 0.185644013454021 -1.145569134306776
0.266666400000000 0.829839283424828 0.164076802182153 -1.057947871307593
0.299999700000000 0.964682818351624 0.142843571025440 -0.942910450981215
0.333333000000000 1.081821148062198 0.144463565914500 -0.839901749973105
0.366666300000000 1.157790735141975 0.154206845883320 -0.774945875348759
0.399999600000000 1.218902908843880 0.149696691027534 -0.720756300950429
0.433332900000000 1.280768271580417 0.128519575901489 -0.659043720575454
0.466666200000000 1.322065934845103 0.106166535620585 -0.616005338999474
0.499999500000000 1.328117892241395 0.091590984651419 -0.613000113303526
0.533332800000000 1.315474474110456 0.078645897594308 -0.626765246844644
0.566666100000000 1.311745085132020 0.062133872549817 -0.626463434857544
0.599999400000000 1.315197462873192 0.048877740477182 -0.619313411798243
0.633332700000000 1.312791915135356 0.044981930285663 -0.620884781718559
0.666666000000000 1.304510974883208 0.044963231126053 -0.629122346825080
0.699999300000000 1.293980334721413 0.047184481928155 -0.639147097718938
0.733332600000000 1.281326847668175 0.051165075726782 -0.650704523962031
0.766665900000000 1.270896691686030 0.056175370544375 -0.659620056764331
0.799999200000000 1.268580894702478 0.059025084120190 -0.661357152739025
0.833332500000000 1.271979865403240 0.059286122822184 -0.658621607590564
0.866665800000000 1.272652446306554 0.054461975741377 -0.658860473128621
0.899999100000000 1.266976379808488 0.046354931884306 -0.664156838188832
0.933332400000000 1.255987795406957 0.047705348042313 -0.673228067834286
0.966665700000000 1.243927082804373 0.068116614076935 -0.684492573857396
0.999999000000000 1.239159723110752 0.102935158243541 -0.691194402296001
1.033332300000000 1.250697283875016 0.138913984049403 -0.684527093661619
1.066665600000000 1.282312641259308 0.168941133687704 -0.661847286154723
1.099998900000000 1.324175199150989 0.201666105534005 -0.630448987745103
1.133332200000000 1.363582994966063 0.238527107248316 -0.596829182002460
1.166665500000000 1.403316906461730 0.258893825093893 -0.558035650783947
1.199998800000000 1.436808021884067 0.262072909106615 -0.519869584195918
1.233332100000000 1.436420808561391 0.259947652459390 -0.495260403809399
1.266665400000000 1.431289031901025 0.241732558620230 -0.470031134149319
1.299998700000000 1.495553477551221 0.206354398204048 -0.416908504042426
1.333332000000000 1.614298717640837 0.168905794415686 -0.333570296580689
1.366665300000000 1.734657549818659 0.138767273509725 -0.237235431521726
1.399998600000000 1.848945514084317 0.129146923851522 -0.141330956104070
1.433331900000000 1.942899576832790 0.127572422052329 -0.061573902638774
1.466665200000000 2.013018547410726 0.112424414445794 0.003750645303919
1.499998500000000 2.077202103673448 0.086127688912616 0.074045586998428
1.533331800000000 2.124860466384584 0.057078817081262 0.137345801179171
1.566665100000000 2.128889468063224 0.033199515981376 0.156856536525629
1.599998400000000 2.103564609678515 0.019178582477501 0.142396972029489
1.633331700000000 2.098158304685177 0.013088857799236 0.138062457512722
1.666665000000000 2.120443999063730 0.007369673093317 0.154147097272451
1.699998300000000 2.142603213679308 0.000357771139280 0.180132354115722
