0.000000000000000 0.126598000000000 1.737659000000000 0.040129000000000
0.033333300000000 -0.041976373572370 1.705996150684084 -0.677055889046858
0.066666600000000 -0.014854871120692 1.712022922569362 -0.640726953089840
0.099999900000000 0.011306649363273 1.717375662395655 -0.614652075200822
0.133333200000000 0.031281270446218 1.723583315295498 -0.600551145380059
0.166666500000000 0.044090057061907 1.732408371864282 -0.593480736801631
0.199999800000000 0.055787391520940 1.744726046853105 -0.579833928691533
0.233333100000000 0.073184867406424 1.757687317705810 -0.558346749509421
0.266666400000000 0.093914842195240 1.766338828907900 -0.541537163975030
0.299999700000000 0.111820729266020 1.768562507175617 -0.529566127762173
0.333333000000000 0.130729391281310 1.763948263799687 -0.518126706453428
0.366666300000000 0.161989191026064 1.750214764903723 -0.522724937290279
0.399999600000000 0.214546252411342 1.728016917378013 -0.550891918770465
0.433332900000000 0.276453345362499 1.716094057043567 -0.547877271856944
0.466666200000000 0.314911936700442 1.735282106971364 -0.439148573377364
0.499999500000000 0.353370754643981 1.746252851738768 -0.250694194976185
0.533332800000000 0.420971991226989 1.733639035679801 -0.106778769238684
0.566666100000000 0.478808592338685 1.727103999656219 -0.052255689723427
0.599999400000000 0.517851245309496 1.729568680368291 -0.043021457092725
0.633332700000000 0.550087340427813 1.734857106439731 -0.042839417222036
0.666666000000000 0.573385677688766 1.740106675065480 -0.050598775397583
0.699999300000000 0.584772835063393 1.741539372498635 -0.076883220324969
0.733332600000000 0.585734749065923 1.735030200420952 -0.110235404004653
0.766665900000000 0.587224398741375 1.722232152972418 -0.127071530325638
0.799999200000000 0.601383800711688 1.706765334857163 -0.125149728662310
0.833332500000000 0.621851240944403 1.687931714896701 -0.122403222605506
0.866665800000000 0.635849443828251 1.661163244610224 -0.137348432981185
0.899999100000000 0.644067185803868 1.624110629843939 -0.167224162080458
0.933332400000000 0.654782380518924 1.586406824805039 -0.191462278402303
0.966665700000000 0.671467814970601 1.558742857899425 -0.203702769767905
0.999999000000000 0.691397900368904 1.541957486374755 -0.206916952059040
1.033332300000000 0.710819143831860 1.538807009960343 -0.193252692452836
1.066665600000000 0.728661833598200 1.548907134099918 -0.162524618836156
1.099998900000000 0.742205505670724 1.561931693580344 -0.128720265687432
1.133332200000000 0.751580420201526 1.574283949553615 -0.096811035066271
1.166665500000000 0.768312100687556 1.593448150765591 -0.062234765751816
1.199998800000000 0.801716562802608 1.621339227149040 -0.019437098946008
1.233332100000000 0.836306795896416 1.647026313385753 0.037080907150993
1.266665400000000 0.864884847622619 1.668282830084917 0.101049138164605
1.299998700000000 0.905985996193830 1.702246742094093 0.170278233157053
1.333332000000000 0.971757840116104 1.746086936068273 0.251514432149078
1.366665300000000 1.050383749638794 1.774281396546659 0.344405925205694
1.399998600000000 1.119829301074952 1.779315816546577 0.441448056183338
1.433331900000000 1.173009512768506 1.770727834898107 0.530082588575050
1.466665200000000 1.214641558042975 1.755163229561929 0.604182492699546
1.499998500000000 1.250849416017433 1.736875719885011 0.666472481273428
1.533331800000000 1.287250772714851 1.721107121389822 0.717388047086044
1.566665100000000 1.325519776254985 1.710074370198847 0.757204849074377
1.599998400000000 1.363185680018699 1.702570559832685 0.788271298243204
1.633331700000000 1.397776651467002 1.697347566644095 0.816860714371820
1.666665000000000 1.434076361015684 1.691323589153004 0.860073596108997
1.699998300000000 1.435615512345908 1.684296618163598 0.912608893871040
