0.000000000000000 1.104159000000000 0.480695000000000 0.020250000000000
0.033333300000000 0.607801174880544 0.504750549165019 -1.278071944175952
0.066666600000000 0.651745972736899 0.520918622270814 -1.240246473370080
0.099999900000000 0.692292501902035 0.533321448513113 -1.201443713807553
0.133333200000000 0.734747459582006 0.542643645627841 -1.159936462919111
0.166666500000000 0.777690198314722 0.548252965806948 -1.119593673645968
0.199999800000000 0.816046265772898 0.548068424412168 -1.084613030570781
0.233333100000000 0.862155840549582 0.543777920758183 -1.042097869023428
0.266666400000000 0.925943839076637 0.540609367155832 -0.980394191734234
0.299999700000000 0.991647457132076 0.544518679512495 -0.914009837686093
0.333333000000000 1.039282553678899 0.555519900803915 -0.867301806183921
0.366666300000000 1.065817193382539 0.562918225894893 -0.844744952063248
0.399999600000000 1.086996670702089 0.560690362745476 -0.828060686057846
0.433332900000000 1.115797671971996 0.551174607338876 -0.804342419195617
0.466666200000000 1.146729519334036 0.537782684874327 -0.779810057290043
0.499999500000000 1.171155115653336 0.523545967797956 -0.761340337865972
0.533332800000000 1.192139731963125 0.509819194985549 -0.744493267034388
0.566666100000000 1.217678058289590 0.497767109004838 -0.722113132597996
0.599999400000000 1.247827034794896 0.489179094785228 -0.695207486078660
0.633332700000000 1.276702878216953 0.483394016218134 -0.670317768247319
0.666666000000000 1.301949949947684 0.478224458650756 -0.649504063712410
0.699999300000000 1.321504764550005 0.473623950608296 -0.633185267428182
0.733332600000000 1.331361023126138 0.472456951201514 -0.624558813612906
0.766665900000000 1.333773005102275 0.475976193809100 -0.621590154407039
0.799999200000000 1.337981076728716 0.481891510128473 -0.616151369787832
0.833332500000000 1.346515739320166 0.486228951345805 -0.607296289155469
0.866665800000000 1.352959953935885 0.487123187969989 -0.602588351888887
0.899999100000000 1.353875696362098 0.486698409219659 -0.603974255589787
0.933332400000000 1.356426568391398 0.488223420253732 -0.602256428516481
0.966665700000000 1.369586691108161 0.492809934925711 -0.590482844109743
0.999999000000000 1.392429903495048 0.500603998589222 -0.570857033507781
1.033332300000000 1.423880851795236 0.511232902212401 -0.543043326502720
1.066665600000000 1.468685828044125 0.521687115296672 -0.502612185246506
1.099998900000000 1.523766674891739 0.529417494510580 -0.453127820221691
1.133332200000000 1.575860053954934 0.535785175338820 -0.405904122251826
1.166665500000000 1.618709879668702 0.542483803978054 -0.366434973653213
1.199998800000000 1.647585918874516 0.552805644850523 -0.340117497605858
1.233332100000000 1.641361627809252 0.566480697629656 -0.341494859794095
1.266665400000000 1.615574737122181 0.575523155890297 -0.351761276507511
1.299998700000000 1.633924829515046 0.571673836576830 -0.329756400275786
1.333332000000000 1.691306827197917 0.556777592185948 -0.279719468869061
1.366665300000000 1.749780830122819 0.540528058356287 -0.223810767489677
1.399998600000000 1.816787485733857 0.533299719827156 -0.162810748719370
1.433331900000000 1.879274680695571 0.529017052780918 -0.108706875882934
1.466665200000000 1.922443839499585 0.513095690691443 -0.068917270166941
1.499998500000000 1.960808145917780 0.487165223425693 -0.028321270228999
1.533331800000000 1.996650826803861 0.459727562202278 0.013197224585526
1.566665100000000 2.024254732359756 0.437713887748479 0.044050075204312
1.599998400000000 2.046567539946285 0.423696899753261 0.064607772533081
1.633331700000000 2.070078988687178 0.419489186264890 0.083118499417537
1.666665000000000 2.103104453706317 0.422996401684605 0.109041236969675
1.699998300000000 2.153404423081196 0.421992056330927 0.155425433135471
