0.000000000000000 0.096441000000000 0.900179000000000 1.020250000000000
0.033333300000000 0.807013340930523 0.877868987857813 0.140575198603508
0.066666600000000 0.836825208983245 0.910961544257632 0.175760119100907
0.099999900000000 0.865030353354153 0.951428185967119 0.208099057752536
0.133333200000000 0.889472183977118 1.012918020520867 0.235185283313413
0.166666500000000 0.909673865985911 1.093144812646593 0.250492342004828
0.199999800000000 0.929618057728134 1.166046732931631 0.255784902154130
0.233333100000000 0.944221484701530 1.209292029150895 0.277681888362863
0.266666400000000 0.945151958660921 1.219448631057690 0.335003377891067
0.299999700000000 0.937665185042082 1.207719816076615 0.408379143290142
0.333333000000000 0.938781173620455 1.189806674892085 0.466505560054359
0.366666300000000 0.958860712517115 1.178531771552050 0.497284350457301
0.399999600000000 0.989524351211377 1.177820026161793 0.513994668814813
0.433332900000000 1.021964711707757 1.179031755829126 0.532988141845069
0.466666200000000 1.059496066456601 1.171204293331420 0.555341517784888
0.499999500000000 1.104689135822243 1.150178735585063 0.578202844280212
0.533332800000000 1.151736019197298 1.121320528931842 0.603058606682034
0.566666100000000 1.190832465366390 1.090151815001401 0.634287288419434
0.599999400000000 1.219250585475573 1.060516389413165 0.670156803581526
0.633332700000000 1.244815359045510 1.038861041304147 0.701506551388102
0.666666000000000 1.273643560638718 1.026752660991987 0.725187873271253
0.699999300000000 1.305842573557206 1.016214815740797 0.744062834587528
0.733332600000000 1.340942395514547 0.999581143460446 0.758738228514645
0.766665900000000 1.376172921063227 0.974353060581276 0.771710006791851
0.799999200000000 1.405656440271065 0.941359518370443 0.789470085559833
0.833332500000000 1.430605468214601 0.900595565416413 0.811397393826844
0.866665800000000 1.460086424162756 0.852943670178453 0.827852809539833
0.899999100000000 1.497277177249587 0.806218715486879 0.834359875129762
0.933332400000000 1.535426046476936 0.773753461889491 0.839233843511838
0.966665700000000 1.570089788752372 0.760951090509344 0.851516230426707
0.999999000000000 1.603157728942406 0.759171499083814 0.871432473695413
1.033332300000000 1.634561486104856 0.761887666554746 0.900649274029884
1.066665600000000 1.662895921602626 0.773915054605322 0.943114617636313
1.099998900000000 1.691243945946080 0.802346650584145 0.992183061417741
1.133332200000000 1.722605830155143 0.848834145228665 1.033515401675177
1.166665500000000 1.755101419510969 0.912100997008134 1.060534897061984
1.199998800000000 1.794463029728119 0.989577224940131 1.066694577649151
1.233332100000000 1.854767519222309 1.072463065552998 1.033242296583024
1.266665400000000 1.915977124483714 1.143144275569108 0.982040505913881
1.299998700000000 1.948882813033102 1.180725498185794 0.982234396800755
1.333332000000000 1.963695781633330 1.176822213359167 1.036643473605639
1.366665300000000 1.973004616746561 1.154658084141474 1.104525708545038
1.399998600000000 1.972513692476722 1.144382944924499 1.176513296838678
1.433331900000000 1.975512770530024 1.153402261572263 1.230077561457139
1.466665200000000 1.994167303109865 1.174431503502482 1.253562614849405
1.499998500000000 2.017549375595494 1.189834711297502 1.273407727082311
1.533331800000000 2.045313871151963 1.186055483266340 1.302205412550693
1.566665100000000 2.083012115255846 1.164358204487215 1.332459137050036
1.599998400000000 2.126735071903758 1.132276891389673 1.361893383357617
1.633331700000000 2.166293772301036 1.097165044068020 1.395734440546961
1.666665000000000 2.194766501648806 1.066566533744510 1.439032946668418
1.699998300000000 2.208560734451493 1.042743620443152 1.498216493003952
