0.000000000000000 1.169462000000000 0.723314000000000 0.007402000000000
0.033333300000000 1.135599252272851 0.858437847968632 -0.788826906838724
0.066666600000000 1.156779838713996 0.858449608739746 -0.768072399331598
0.099999900000000 1.177586758927777 0.856439967633260 -0.741587463881578
0.133333200000000 1.197494796048067 0.861128631499369 -0.717384888484465
0.166666500000000 1.216823949989577 0.877970948882131 -0.703771555260535
0.199999800000000 1.233240221635937 0.899036319887071 -0.706110916507012
0.233333100000000 1.243755596383121 0.907873217146852 -0.716815427952776
0.266666400000000 1.249594396833054 0.900926526817405 -0.723191983914219
0.299999700000000 1.255644915555912 0.889462532120756 -0.720305701942117
0.333333000000000 1.270233870718843 0.877316836525223 -0.699638167211364
0.366666300000000 1.299885114998804 0.850615279428416 -0.638680939205203
0.399999600000000 1.340073387149273 0.805950553771447 -0.528210469875186
0.433332900000000 1.375457393441547 0.768374634801538 -0.440405614844031
0.466666200000000 1.403341244167783 0.770438949460589 -0.483097215498071
0.499999500000000 1.401214769856743 0.810798537496939 -0.630799841680832
0.533332800000000 1.381019526029377 0.838368011352357 -0.734736317142638
0.566666100000000 1.409860939435698 0.828307770057976 -0.717717199195031
0.599999400000000 1.480599196576642 0.805439117430282 -0.623222363059716
0.633332700000000 1.547412621465182 0.791780734313842 -0.526038546144684
0.666666000000000 1.603543371450629 0.792793027859406 -0.449226594108679
0.699999300000000 1.656309854271382 0.803261068175634 -0.375168984501137
0.733332600000000 1.708608683268877 0.829509985238840 -0.301858541640942
0.766665900000000 1.761757017968621 0.869498158625679 -0.231234956280443
0.799999200000000 1.815053253161884 0.904404516585691 -0.152640394651721
0.833332500000000 1.867175473527129 0.937051893705724 -0.068744971418485
0.866665800000000 1.914703109607253 0.982046138956238 0.007100230500913
0.899999100000000 1.953467991090245 1.035577120598705 0.070746345765430
0.933332400000000 1.984741859228199 1.084321429586972 0.119423983025437
0.966665700000000 2.013193294155608 1.121698572745850 0.151680384944101
0.999999000000000 2.039811583841979 1.147411429395678 0.172089784516185
1.033332300000000 2.064243964305058 1.161008448296221 0.184955796817537
1.066665600000000 2.086664807780437 1.164223593092316 0.191563958867124
1.099998900000000 2.105316189444015 1.163914613462863 0.189153649203148
1.133332200000000 2.120218939223338 1.166473809562907 0.182566222455779
1.166665500000000 2.135457312487586 1.161049572769725 0.185712004830072
1.199998800000000 2.153259387794412 1.129987471073980 0.202908428264876
1.233332100000000 2.164616205888136 1.077946872735608 0.208179885266890
1.266665400000000 2.160970820339683 1.012580566691252 0.189071394060007
1.299998700000000 2.150143978405835 0.947542672578795 0.165293963226049
1.333332000000000 2.150711965679186 0.897515456791464 0.164763234994556
1.366665300000000 2.167899820121384 0.853179466647717 0.202063998999296
1.399998600000000 2.190962568678151 0.813239938293352 0.249346320405083
1.433331900000000 2.213899767328901 0.786551378628737 0.274199140622155
1.466665200000000 2.238840655964687 0.772974406963209 0.281919428373999
1.499998500000000 2.267201981882749 0.767018417190234 0.287082929073318
1.533331800000000 2.295582661603171 0.759938889469316 0.296728339189363
1.566665100000000 2.323589773552817 0.748132242738508 0.314422981829364
1.599998400000000 2.355157679049757 0.736111380834916 0.341639048490356
1.633331700000000 2.389137307574490 0.727693016030135 0.375832075794040
1.666665000000000 2.421455131731054 0.720078381272677 0.413645474951619
1.699998300000000 2.504139200457957 0.812491036878924 0.448126047649229
