0.000000000000000 0.170720000000000 1.721927000000000 -0.016162000000000
0.033333300000000 -0.012445717794859 1.679872975302932 -0.738768473812738
0.066666600000000 0.014097603490382 1.686274880411360 -0.702869659242090
0.099999900000000 0.039823982088518 1.691042159342616 -0.676750640498079
0.133333200000000 0.059520329041807 1.696142488933701 -0.662296440345310
0.166666500000000 0.072155883025634 1.704179242430738 -0.654949013606810
0.199999800000000 0.083203868968514 1.716675153787056 -0.641675723532808
0.233333100000000 0.099059140753772 1.729915306389817 -0.620973906500918
0.266666400000000 0.117759425865258 1.737674009100238 -0.604566451274182
0.299999700000000 0.133873125533256 1.738323952608644 -0.592512480182848
0.333333000000000 0.152075442566562 1.732192654526319 -0.580567454605299
0.366666300000000 0.184579560419435 1.715649809538525 -0.583205253399023
0.399999600000000 0.240244276154695 1.688795024354736 -0.607142946070921
0.433332900000000 0.304203016644619 1.674842519499070 -0.601647056894168
0.466666200000000 0.340549110084717 1.700765005198647 -0.498429501614894
0.499999500000000 0.370909184088597 1.725288366431069 -0.318633986501279
0.533332800000000 0.430149741037642 1.722568897408476 -0.178585066567447
0.566666100000000 0.487188515961978 1.718250016400301 -0.124465849495571
0.599999400000000 0.531289117267627 1.719245746913606 -0.114265993943820
0.633332700000000 0.568539008862297 1.722455986518233 -0.112615283720966
0.666666000000000 0.595022598645104 1.725021162255403 -0.118915642595854
0.699999300000000 0.609064856920258 1.722371090315240 -0.143256392492771
0.733332600000000 0.612831620898750 1.711682840146316 -0.174138328286006
0.766665900000000 0.617410191062523 1.696495047969660 -0.188629168007908
0.799999200000000 0.634909595069793 1.679978648392792 -0.184491296415099
0.833332500000000 0.658844244518504 1.660239796021239 -0.179215181773989
0.866665800000000 0.676385194055908 1.632123959000589 -0.190981410091943
0.899999100000000 0.688035980031741 1.593355724184430 -0.217061964066645
0.933332400000000 0.701486112841040 1.554304523737751 -0.237842513910451
0.966665700000000 0.719939340449087 1.525820636940348 -0.247629441763392
0.999999000000000 0.740822688365246 1.508426988522427 -0.249294105900857
1.033332300000000 0.760321646279097 1.505069616358750 -0.235374155471989
1.066665600000000 0.777402925906606 1.515365928163433 -0.205677976572198
1.099998900000000 0.789662570692731 1.528486401419873 -0.173353916678559
1.133332200000000 0.797700676816627 1.540991007544297 -0.142935056260454
1.166665500000000 0.813157424516410 1.560400901171449 -0.109771142543272
1.199998800000000 0.844890903484848 1.588087297286340 -0.068357541019258
1.233332100000000 0.876408091992135 1.613143618553507 -0.013975618390965
1.266665400000000 0.900135605059242 1.633406426537975 0.047160926122140
1.299998700000000 0.936155444577065 1.667805789349934 0.113124504526788
1.333332000000000 0.999158960172510 1.715135571061799 0.191065186977408
1.366665300000000 1.078131542528832 1.748342509817861 0.281794764089041
1.399998600000000 1.149052508024469 1.758347597286090 0.377657294325356
1.433331900000000 1.203044741806455 1.754499361707861 0.465294896352287
1.466665200000000 1.245048958621096 1.743417138016149 0.538605494350431
1.499998500000000 1.281401770557859 1.728945623903933 0.600392298171631
1.533331800000000 1.317568742703638 1.715596334350951 0.650954807582229
1.566665100000000 1.355501295234073 1.705526970505957 0.690546368258057
1.599998400000000 1.393070586645264 1.698042291017471 0.721568145945440
1.633331700000000 1.427856675826885 1.692581939602277 0.750261883132772
1.666665000000000 1.465058140711888 1.687568709508615 0.793824418040798
1.699998300000000 1.468494971624756 1.686246262411723 0.847201987249214
