0.000000000000000 1.165625000000000 0.687861000000000 -0.041997000000000
0.033333300000000 1.125806047985391 0.809895994689357 -0.824318860113588
0.066666600000000 1.146452199942435 0.810286004382308 -0.803926354088422
0.099999900000000 1.166824381775160 0.808090392722913 -0.777061207333254
0.133333200000000 1.186594989833340 0.812137086929073 -0.751923569993777
0.166666500000000 1.206115715139699 0.828319591329622 -0.737416397043382
0.199999800000000 1.222436183542035 0.849288256195021 -0.739581802026877
0.233333100000000 1.231973431802648 0.858384948933110 -0.750341375586365
0.266666400000000 1.236324864092250 0.851275886259226 -0.755912504023584
0.299999700000000 1.241172692566641 0.839225516344108 -0.751589839865240
0.333333000000000 1.255317020057712 0.826409876048851 -0.729602610409702
0.366666300000000 1.285351913193646 0.798524853546738 -0.666739314555670
0.399999600000000 1.326346596191810 0.752162551604032 -0.553316744227393
0.433332900000000 1.361778377612670 0.714302888435057 -0.464921522941269
0.466666200000000 1.388225454829714 0.719981374733666 -0.513714911738822
0.499999500000000 1.381190401765211 0.768186433875270 -0.669466782165837
0.533332800000000 1.355143282599183 0.802514703929962 -0.776651223224086
0.566666100000000 1.382733427919158 0.794615849643624 -0.760622385819277
0.599999400000000 1.456126917329196 0.771334213717489 -0.667379605616019
0.633332700000000 1.525998572686393 0.756490474729737 -0.570848534678338
0.666666000000000 1.584581763369056 0.755292000896237 -0.493340417051930
0.699999300000000 1.639961649946652 0.762108794417323 -0.417015457233636
0.733332600000000 1.695449422533608 0.784291501406950 -0.340511094397170
0.766665900000000 1.752170516145978 0.821321026420643 -0.267276070224145
0.799999200000000 1.808911806415904 0.854443309002761 -0.186963264752366
0.833332500000000 1.864480266286633 0.885547610853908 -0.101178652752106
0.866665800000000 1.915893921316123 0.928622304229649 -0.022163652180306
0.899999100000000 1.958705813215964 0.980162286987561 0.045974135590514
0.933332400000000 1.993326308143223 1.027556927591419 0.099027997526452
0.966665700000000 2.024036965534888 1.064241850379966 0.134562009998921
0.999999000000000 2.051968824992618 1.089588849214887 0.157235500552782
1.033332300000000 2.076812680059490 1.103077141658760 0.170888453828013
1.066665600000000 2.098840298495994 1.106370828774782 0.176842793937545
1.099998900000000 2.116711267539956 1.106130109439282 0.173565119159039
1.133332200000000 2.130901638359286 1.108771539678752 0.166188586228687
1.166665500000000 2.145025775883740 1.103528046363714 0.168059359296497
1.199998800000000 2.160484388543529 1.072712553430520 0.183433227196384
1.233332100000000 2.168271034553454 1.021032409765069 0.186748948522115
1.266665400000000 2.159902960580764 0.956174560107324 0.166068754465999
1.299998700000000 2.143765009012281 0.892706914208600 0.139520933413349
1.333332000000000 2.139966986675310 0.846189409977646 0.133745772481936
1.366665300000000 2.154870845955285 0.806655146208724 0.164947504820254
1.399998600000000 2.177187486835386 0.771624683992594 0.207034145392050
1.433331900000000 2.199718837658966 0.749447586623974 0.228002724835173
1.466665200000000 2.224436286000659 0.739870812937086 0.232842293499467
1.499998500000000 2.252684006197542 0.737169455172172 0.235993137260784
1.533331800000000 2.280713953128779 0.732249922255467 0.244535029446313
1.566665100000000 2.308254482286862 0.721539882923453 0.261796237485304
1.599998400000000 2.339612445370927 0.709762323382494 0.288951556044430
1.633331700000000 2.373699937822304 0.701236264307635 0.323166841697643
1.666665000000000 2.406499352443213 0.694848956050970 0.360244166466942
1.699998300000000 2.492500333109046 0.789016812592246 0.393122442858514
