0.000000000000000 0.169462000000000 0.723314000000000 1.007402000000000
0.033333300000000 0.463768686359591 1.031545826341724 0.443519358838359
0.066666600000000 0.494386797541429 1.024579008152069 0.470328376530989
0.099999900000000 0.521946575381531 1.034725784828635 0.498714965813061
0.133333200000000 0.547635767172330 1.061541066979962 0.522582086194063
0.166666500000000 0.573438785296784 1.093578622345161 0.537022086324192
0.199999800000000 0.605627466107113 1.110480591550168 0.543446424745633
0.233333100000000 0.645778277195212 1.114002551663633 0.548069477162513
0.266666400000000 0.688421841492347 1.126045513488843 0.555247222685926
0.299999700000000 0.727970929312855 1.147268491325348 0.566199739803452
0.333333000000000 0.756029995780600 1.166452479242072 0.585661391299884
0.366666300000000 0.757832707282128 1.198318897330750 0.620398637861387
0.399999600000000 0.726368067191967 1.252678931867999 0.665020243968255
0.433332900000000 0.708652069752352 1.260025861558398 0.705739983030961
0.466666200000000 0.776252049061379 1.122340826709773 0.734656540467930
0.499999500000000 0.931023410479785 0.893001644120375 0.700426185269026
0.533332800000000 1.061617204536301 0.733738426023354 0.638957537724128
0.566666100000000 1.097189433821512 0.685449066655959 0.654080132935066
0.599999400000000 1.067469883422836 0.692732669316547 0.724598629196544
0.633332700000000 1.038353144798120 0.718959734969329 0.791366308586741
0.666666000000000 1.038693743262468 0.768483947186485 0.847058083781379
0.699999300000000 1.050921373015079 0.852222769586593 0.901979220899133
0.733332600000000 1.064557763566530 0.953542674220141 0.951063764367947
0.766665900000000 1.075056078217657 1.035346980872595 0.993891970819135
0.799999200000000 1.077137193897354 1.087894355328812 1.039756925270430
0.833332500000000 1.074088656138581 1.136617894617761 1.085025677958800
0.866665800000000 1.068198398953225 1.207918279791846 1.117240559844407
0.899999100000000 1.057160145280446 1.298364755162023 1.132619645486454
0.933332400000000 1.049288538186502 1.379463095475773 1.138157746679338
0.966665700000000 1.053009561603347 1.438912185714281 1.140327300424812
0.999999000000000 1.067068830373900 1.481499936583708 1.142737199873695
1.033332300000000 1.093330730009993 1.501214135959553 1.155310155571192
1.066665600000000 1.131966015464788 1.499441842853582 1.179581641390081
1.099998900000000 1.176760389208283 1.495813964694848 1.202873011995616
1.133332200000000 1.219679904167701 1.494168194634709 1.222588258921101
1.166665500000000 1.257519066788743 1.481354940927216 1.247139773389351
1.199998800000000 1.296586971444394 1.450678791107869 1.281458124996531
1.233332100000000 1.353388531127222 1.408307155675939 1.318482431043303
1.266665400000000 1.429032221481827 1.361701238184550 1.347682909727821
1.299998700000000 1.496425951155371 1.287073647041819 1.372510372254666
1.333332000000000 1.524101974088438 1.167841671941848 1.403425277620030
1.366665300000000 1.508233602092212 1.029179472538218 1.440556824459999
1.399998600000000 1.484028452183452 0.899842309580125 1.471125426554541
1.433331900000000 1.480462890726414 0.789356004493203 1.483356897952996
1.466665200000000 1.492652081559885 0.696597121651267 1.480822727942445
1.499998500000000 1.515691295738752 0.623247686793764 1.476436394487467
1.533331800000000 1.546235231488769 0.574285906648609 1.481638208736712
1.566665100000000 1.577772454070449 0.547160622801849 1.499060873313580
1.599998400000000 1.609415187957629 0.536049190403994 1.526477964520586
1.633331700000000 1.639357397884987 0.532285828081693 1.558898480491631
1.666665000000000 1.652756229207675 0.509107372683430 1.581803525385802
1.699998300000000 1.723423989133734 0.485716903313095 1.581131971922918
