0.000000000000000 0.170720000000000 0.721927000000000 0.983838000000000
0.033333300000000 0.458876036680424 1.023489115831087 0.421841724653220
0.066666600000000 0.489298470653328 1.016745549222642 0.448613996970873
0.099999900000000 0.516713041458865 1.026772373903341 0.477078843093550
0.133333200000000 0.542304667057775 1.053193274324607 0.501119044509535
0.166666500000000 0.568038195346578 1.084829096899269 0.515737165331587
0.199999800000000 0.599996231681937 1.101679532351272 0.522242675435046
0.233333100000000 0.639625884182973 1.105360309851340 0.526945364265617
0.266666400000000 0.681599928580578 1.117282880159490 0.534379875217703
0.299999700000000 0.720566495330804 1.138111460813776 0.545703604103872
0.333333000000000 0.748398183512154 1.156843941166177 0.565457434594742
0.366666300000000 0.750611838028963 1.187875884655740 0.600459456270904
0.399999600000000 0.720221894808130 1.240910499784100 0.645462713441247
0.433332900000000 0.703293792324798 1.247909690357445 0.686163065821181
0.466666200000000 0.770172436514433 1.112810944546123 0.713896287911038
0.499999500000000 0.922289975877401 0.888197454323007 0.678992209682665
0.533332800000000 1.050419293218135 0.732403851575391 0.618182694231256
0.566666100000000 1.085816839771024 0.685126462210096 0.633359890177455
0.599999400000000 1.057620431651680 0.692181911305848 0.703117162896002
0.633332700000000 1.030063610796184 0.717819942589822 0.769258551387912
0.666666000000000 1.031390116697604 0.766271844394273 0.824685509739984
0.699999300000000 1.044416674190540 0.848184349776325 0.879615221086084
0.733332600000000 1.058906558683805 0.947358441720620 0.928959747068701
0.766665900000000 1.070400791225136 1.027506179401413 0.972083289879959
0.799999200000000 1.073634495629461 1.078986967797269 1.018143087545329
0.833332500000000 1.071840561616374 1.126716154170838 1.063679248839601
0.866665800000000 1.067288997541197 1.196651020956406 1.096480254056510
0.899999100000000 1.057617957591096 1.285450061731676 1.112826476703049
0.933332400000000 1.050892868653516 1.365153928778261 1.119410952255347
0.966665700000000 1.055386745229668 1.423664430049041 1.122421341244140
0.999999000000000 1.069877283655003 1.465635998711562 1.125439324444714
1.033332300000000 1.096189848322306 1.485122512670548 1.138232288860126
1.066665600000000 1.134511358729927 1.483479108133749 1.162334010917264
1.099998900000000 1.178778804091130 1.480011149297742 1.185409751822163
1.133332200000000 1.221166359144250 1.478510171376677 1.204942149201006
1.166665500000000 1.258479567118729 1.466019954649136 1.229176364359682
1.199998800000000 1.296819463064304 1.435876318484599 1.263029853756829
1.233332100000000 1.352369228109791 1.394119031587884 1.299603167677891
1.266665400000000 1.426165484717087 1.348141611485451 1.328533842567701
1.299998700000000 1.491722997554622 1.274826188167750 1.352846944080586
1.333332000000000 1.518463918668541 1.158016747295183 1.382677949701247
1.366665300000000 1.502825702076686 1.022218926641717 1.418623428752886
1.399998600000000 1.479292728432311 0.895502582927696 1.448376621703845
1.433331900000000 1.476141209681389 0.787256780985456 1.460212033239423
1.466665200000000 1.488539163625482 0.696392287561679 1.457545907324916
1.499998500000000 1.511667091101938 0.624530135249614 1.453178502665568
1.533331800000000 1.542158274829809 0.576521204385653 1.458461705604709
1.566665100000000 1.573615142315554 0.549857996352356 1.475947903709879
1.599998400000000 1.605249598057031 0.538838064735906 1.503377348300649
1.633331700000000 1.635268380788754 0.535022011865227 1.535777890825936
1.666665000000000 1.649028563565598 0.512349724615198 1.558687295333922
1.699998300000000 1.720063387148911 0.489863625819365 1.558104174030900
