0.000000000000000 0.104159000000000 0.023518000000000 1.114920000000000
0.033333300000000 0.282059839481923 -0.655280240797115 -0.239439638141899
0.066666600000000 0.305012532881086 -0.687312117826280 -0.254209854033664
0.099999900000000 0.376439835332600 -0.688538928168394 -0.221997376226132
0.133333200000000 0.509609649122807 -0.639164048357124 -0.121659437602746
0.166666500000000 0.682775786504094 -0.533302111532527 0.014866903067460
0.199999800000000 0.849829448380376 -0.402895323713130 0.135177051092756
0.233333100000000 0.985631000426728 -0.269886304574771 0.241842944955615
0.266666400000000 1.073745193742117 -0.129670858194138 0.375430683108712
0.299999700000000 1.117397834092266 0.002861126305713 0.525910505439827
0.333333000000000 1.153298250647547 0.098973941991522 0.641034960753930
0.366666300000000 1.197249531473041 0.144835099631464 0.707857969719205
0.399999600000000 1.224542425122584 0.150044244662053 0.762591265549085
0.433332900000000 1.225630109441289 0.143080956564825 0.823217967573132
0.466666200000000 1.230334283786607 0.151407573185458 0.863822515553636
0.499999500000000 1.261620973590465 0.171604145005745 0.866705256679789
0.533332800000000 1.295599558569727 0.171481288984503 0.853551805556045
0.566666100000000 1.302181570020250 0.156815338055234 0.853839187020592
0.599999400000000 1.295391456381238 0.153960178342137 0.860185601833268
0.633332700000000 1.297216984280996 0.139669867041179 0.859366406102571
0.666666000000000 1.306315071177374 0.091317923294231 0.853510418133246
0.699999300000000 1.316190207430407 0.028703651526212 0.843929819823070
0.733332600000000 1.325662903946320 -0.034511633954003 0.829513557597731
0.766665900000000 1.329698697704989 -0.096162739846590 0.814723014509927
0.799999200000000 1.324057647097357 -0.149251698292326 0.806258286099058
0.833332500000000 1.311221534298497 -0.193054755264952 0.802588920343720
0.866665800000000 1.300715935179547 -0.226708515452630 0.797335802537741
0.899999100000000 1.297112492073447 -0.255475701548705 0.787856226505469
0.933332400000000 1.292962487631913 -0.312781419364881 0.765185685417254
0.966665700000000 1.278102831318834 -0.410024400612348 0.719275622672604
0.999999000000000 1.261390096020202 -0.498830592057386 0.664436724525926
1.033332300000000 1.257195907386789 -0.552688916958310 0.627721037636029
1.066665600000000 1.255274189965919 -0.597497154091641 0.607874431704113
1.099998900000000 1.246651453254039 -0.652805218083198 0.579600911497180
1.133332200000000 1.258186338391027 -0.693317351987123 0.552479049699992
1.166665500000000 1.333119907941436 -0.683223078979799 0.585572694260137
1.199998800000000 1.473608064762635 -0.622270745119878 0.670480793196163
1.233332100000000 1.642758569954299 -0.546012826293405 0.732829329498007
1.266665400000000 1.808453650955646 -0.473212677488850 0.773734152814432
1.299998700000000 1.959248701676822 -0.373545088633639 0.867246946251622
1.333332000000000 2.088069889162732 -0.197927561221287 1.023384416814089
1.366665300000000 2.169813392998472 0.047986138699406 1.177950118359637
1.399998600000000 2.192615832179213 0.255548331128148 1.296120038797539
1.433331900000000 2.202015781236620 0.354765905364272 1.381199079579921
1.466665200000000 2.228283171899043 0.392394112601323 1.444455359130664
1.499998500000000 2.246955266759881 0.413919533639522 1.510739128793853
1.533331800000000 2.255084056100419 0.415488839163158 1.570850573029276
1.566665100000000 2.283172413619185 0.384493559310271 1.589735187750471
1.599998400000000 2.320647411850651 0.334467454984085 1.575512441326681
1.633331700000000 2.334119170415941 0.271103622542755 1.579625086711306
1.666665000000000 2.320774430543460 0.169928084200792 1.614898426440304
1.699998300000000 2.279126279549197 0.040623147132100 1.656645853839190
