0.000000000000000 1.160986000000000 0.688554000000000 0.013527000000000
0.033333300000000 1.136276725383481 0.826236854381538 -0.772086146491850
0.066666600000000 1.157375812560520 0.826097017086430 -0.751623374148077
0.099999900000000 1.178080860623060 0.824197870707519 -0.724919515858321
0.133333200000000 1.198088565049148 0.829194756434331 -0.700137000226730
0.166666500000000 1.217803338893546 0.846335583175237 -0.685999098059409
0.199999800000000 1.234704523468504 0.867418651524928 -0.688340297995328
0.233333100000000 1.245487926038262 0.876137270375370 -0.699281326000102
0.266666400000000 1.251420945069086 0.869336066778755 -0.705406530389275
0.299999700000000 1.257653707366477 0.858253334462809 -0.701878337742041
0.333333000000000 1.272341022098444 0.846537977392516 -0.680511287054046
0.366666300000000 1.301357929288121 0.820691529563225 -0.618186651877397
0.399999600000000 1.339676704162733 0.777588616399128 -0.505559665207429
0.433332900000000 1.373104205779521 0.740620071349436 -0.417129822346018
0.466666200000000 1.401268087277624 0.740028204855832 -0.463386694249354
0.499999500000000 1.400591647789182 0.776853629099305 -0.617955749117899
0.533332800000000 1.380356347428687 0.802917616847281 -0.726961645150970
0.566666100000000 1.408289210224090 0.792643184606001 -0.711145868643333
0.599999400000000 1.478007821321644 0.769929622341499 -0.616152968897025
0.633332700000000 1.544150570791610 0.756496145126451 -0.518166278855007
0.666666000000000 1.600422959774518 0.757830959974292 -0.439978208240417
0.699999300000000 1.653984232903919 0.768959489573444 -0.363523866302920
0.733332600000000 1.707565480151154 0.796211730834629 -0.287444867727233
0.766665900000000 1.762053565995450 0.837148747441539 -0.214771558808863
0.799999200000000 1.816155233357268 0.872784627228575 -0.134847586056879
0.833332500000000 1.868827806031205 0.906241074959694 -0.049624849910105
0.866665800000000 1.917174307396575 0.952566504239863 0.028134966521960
0.899999100000000 1.956865620588583 1.008059764186607 0.094174338951919
0.933332400000000 1.988868897324202 1.058827833738362 0.144931995784358
0.966665700000000 2.017817634369163 1.097800328911305 0.178608162799206
0.999999000000000 2.044771910384627 1.124658890020686 0.199934584992750
1.033332300000000 2.069524799276487 1.138707606939803 0.213105415958841
1.066665600000000 2.092315711440631 1.141683457699970 0.219449872371352
1.099998900000000 2.111457912483561 1.141049706681519 0.216668937262443
1.133332200000000 2.126939477026694 1.143335360758451 0.209715114874389
1.166665500000000 2.142302378892455 1.137300383820838 0.212296532378745
1.199998800000000 2.159401598823269 1.105191843718360 0.228697323589636
1.233332100000000 2.170055587551236 1.052037246157635 0.233013736734455
1.266665400000000 2.165976409940159 0.985692752906519 0.212937770334467
1.299998700000000 2.154053142289153 0.919099797317808 0.187505151213610
1.333332000000000 2.152257926549254 0.866795233944912 0.184037401654722
1.366665300000000 2.166377830184520 0.820452985812173 0.217693349144146
1.399998600000000 2.186921623684841 0.779229221596036 0.261369518261374
1.433331900000000 2.208368326709918 0.751772584161076 0.282999959962131
1.466665200000000 2.232538202723478 0.737735772842924 0.287930547194904
1.499998500000000 2.260551919636966 0.731535115562068 0.290868134311060
1.533331800000000 2.288687610957807 0.724381070347133 0.299119066457790
1.566665100000000 2.316394711181911 0.712597408536752 0.316190023632064
1.599998400000000 2.347757030602192 0.700614162092572 0.343310474562225
1.633331700000000 2.381659065956574 0.692215478416713 0.377574496005217
1.666665000000000 2.413581355880475 0.684655617694446 0.414565950554581
1.699998300000000 2.498917688726991 0.776585412910731 0.447059378207413
