0.000000000000000 0.104159000000000 1.068790000000000 0.020250000000000
0.033333300000000 0.383755428333803 0.854492751175648 -0.205683952475572
0.066666600000000 0.447216033866491 0.815344028336008 -0.141521639955196
0.099999900000000 0.490028054888448 0.815290259286880 -0.093578177090577
0.133333200000000 0.503445521220881 0.873538453823932 -0.070774741928264
0.166666500000000 0.486374288940362 0.964747116520523 -0.075526265747349
0.199999800000000 0.455928993407225 1.040879340017076 -0.091214456757415
0.233333100000000 0.417209904480402 1.089920914396970 -0.102711315414056
0.266666400000000 0.371255915957910 1.116646180993354 -0.118632762500146
0.299999700000000 0.342332284125377 1.122491323972302 -0.134844802228299
0.333333000000000 0.344945480028560 1.120474250228139 -0.129678268267802
0.366666300000000 0.373893910865587 1.121408765933380 -0.104105943069179
0.399999600000000 0.421205165202603 1.122218866717417 -0.074320745321693
0.433332900000000 0.471881870349116 1.118743013591299 -0.054758743637545
0.466666200000000 0.501800099523788 1.110915985247393 -0.052407518848215
0.499999500000000 0.506740888398285 1.100911713200370 -0.059275015010943
0.533332800000000 0.511775338306848 1.092812229700116 -0.056209070879833
0.566666100000000 0.524269813375195 1.086844917243630 -0.052137768311089
0.599999400000000 0.529474384131823 1.082059613764121 -0.057909403757263
0.633332700000000 0.541024833086529 1.083734909978789 -0.050474562451326
0.666666000000000 0.576678999851697 1.091668870957955 -0.017021113640717
0.699999300000000 0.622408341916392 1.098010700813463 0.027752681995450
0.733332600000000 0.668594751416357 1.100116196917758 0.073354122540479
0.766665900000000 0.714419967112957 1.098257847989252 0.117810174967606
0.799999200000000 0.755933624748250 1.093512737640972 0.155360712451607
0.833332500000000 0.790924786056672 1.087181578795972 0.185189355968992
0.866665800000000 0.821046485003131 1.080282726603967 0.203545372639439
0.899999100000000 0.850927507904592 1.072698061034280 0.215344791959819
0.933332400000000 0.900456023716510 1.056105570448609 0.252366957416814
0.966665700000000 0.978634586713390 1.020702242837751 0.326546748521400
0.999999000000000 1.055732618744134 0.978006456460952 0.404526693795414
1.033332300000000 1.115113569012850 0.945811543540605 0.468960394242483
1.066665600000000 1.176083099148816 0.912315714676777 0.536530582767395
1.099998900000000 1.251214222532674 0.860247489229228 0.618929760649869
1.133332200000000 1.322236405940114 0.812150871793965 0.695163943491789
1.166665500000000 1.362928868020553 0.822309801502317 0.738471674254603
1.199998800000000 1.378997234796214 0.886361220118430 0.747774694626141
1.233332100000000 1.404314349248046 0.948642826547350 0.739514123162353
1.266665400000000 1.438634654136504 0.993758599428079 0.727634460155221
1.299998700000000 1.434942818353012 1.039120605723380 0.724505878031599
1.333332000000000 1.358474500153156 1.090238154441248 0.708399305718987
1.366665300000000 1.237818901810625 1.118850460709374 0.653038854310526
1.399998600000000 1.152841550368207 1.109616940445662 0.603059948097887
1.433331900000000 1.141411479345300 1.092019074269818 0.592229955266914
1.466665200000000 1.172077142078073 1.077793477178514 0.604483635504799
1.499998500000000 1.211488388344221 1.063228455537541 0.617933309742608
1.533331800000000 1.250242622873439 1.051112948922016 0.634276150974303
1.566665100000000 1.283733185411847 1.046488838792061 0.665733344970235
1.599998400000000 1.309025705250355 1.046015124717100 0.703034684702766
1.633331700000000 1.345556927579035 1.049215686802920 0.738089424737287
1.666665000000000 1.418547213593218 1.059487803865498 0.786909565696909
1.699998300000000 1.508830814093596 1.068651738263123 0.856209676121252
