0.000000000000000 1.164507000000000 0.665638000000000 -0.043393000000000
0.033333300000000 1.128855940935894 0.788268883427895 -0.819843817967803
0.066666600000000 1.149401341889126 0.788601913026043 -0.799664521990440
0.099999900000000 1.169673394990931 0.786419893291413 -0.772664348361505
0.133333200000000 1.189478681953389 0.790551554050197 -0.747147634578413
0.166666500000000 1.209214705553559 0.806841838034296 -0.732301434599736
0.199999800000000 1.225767125531371 0.827837045795887 -0.734501367188551
0.233333100000000 1.235326217979106 0.836888036056482 -0.745472907459704
0.266666400000000 1.239551620507143 0.829785947596515 -0.750929427833934
0.299999700000000 1.244347474864561 0.817822487024822 -0.746214752673520
0.333333000000000 1.258487206370726 0.805128161517546 -0.723763174276922
0.366666300000000 1.288254170235248 0.777502672342062 -0.659905196250844
0.399999600000000 1.328408897455228 0.731657000263342 -0.544812054537979
0.433332900000000 1.362853767548748 0.693978771214578 -0.455820189813996
0.466666200000000 1.389278608177335 0.698672525560966 -0.507243108649092
0.499999500000000 1.382383773664949 0.745979958858876 -0.667882863021682
0.533332800000000 1.355561373238997 0.780296359843175 -0.778448681223041
0.566666100000000 1.382535890859174 0.772468658406141 -0.763176493463977
0.599999400000000 1.455773438781773 0.749148017468955 -0.669549448453191
0.633332700000000 1.525694147983494 0.734252202633069 -0.572406433505221
0.666666000000000 1.584648403325083 0.733005413311985 -0.493943775954851
0.699999300000000 1.640742746556285 0.739850344198534 -0.416009574698738
0.733332600000000 1.697250399498784 0.762257599321027 -0.337625949494465
0.766665900000000 1.755051260587093 0.799639814827228 -0.262953241947823
0.799999200000000 1.812575032320048 0.833104040569667 -0.181645664944597
0.833332500000000 1.868784726263817 0.864610903158986 -0.094839381169172
0.866665800000000 1.921007210724666 0.908360861987835 -0.014392635599054
0.899999100000000 1.964682497098793 0.960920799109762 0.055518941065556
0.933332400000000 1.999985719270792 1.009405295496993 0.110128906904241
0.966665700000000 2.031153155997858 1.046971223613553 0.146733524012797
0.999999000000000 2.059371941847606 1.072949224094801 0.170095407461248
1.033332300000000 2.084414694668208 1.086689251048643 0.183953938290507
1.066665600000000 2.106595393624867 1.089857345187494 0.189657748195198
1.099998900000000 2.124644745297345 1.089430887355090 0.186025311029786
1.133332200000000 2.139061442785285 1.091922301333852 0.178295659695310
1.166665500000000 2.153145468460383 1.086335403390204 0.179701697563228
1.199998800000000 2.168032953304781 1.054875390513459 0.194474786590092
1.233332100000000 2.175122409798656 1.002472143291976 0.197026868287185
1.266665400000000 2.166058446781602 0.936939971300958 0.175513346838489
1.299998700000000 2.148807207226868 0.872581228725882 0.147681416855862
1.333332000000000 2.143345433005950 0.825014757629810 0.139851566129707
1.366665300000000 2.156443686864344 0.784730688069188 0.168676422155413
1.399998600000000 2.177384924782324 0.749378793842280 0.208497671069029
1.433331900000000 2.199096973006481 0.727168330784404 0.227447285739532
1.466665200000000 2.223386311767399 0.717719427408449 0.230545743419203
1.499998500000000 2.251438968503303 0.715214740863914 0.232318784286082
1.533331800000000 2.279301184931562 0.710468159373548 0.239994174815649
1.566665100000000 2.306631869875469 0.699858575191733 0.256861818268737
1.599998400000000 2.337858076467742 0.688105315054537 0.283955893021933
1.633331700000000 2.371916658854333 0.679569722126930 0.318223023835493
1.666665000000000 2.404560357236547 0.673306178401693 0.354839585285913
1.699998300000000 2.492319699322167 0.767697015548806 0.386603693403166
