0.000000000000000 0.161660000000000 1.343432000000000 0.985517000000000
0.033333300000000 0.453770123505288 0.937378117913851 0.404823176493828
0.066666600000000 0.484200969343080 0.920909270118457 0.429365904265696
0.099999900000000 0.512135683694694 0.909495064074876 0.455116150995661
0.133333200000000 0.539511717617285 0.892350598518517 0.473928750657804
0.166666500000000 0.568336257682231 0.860934800782307 0.478483982645282
0.199999800000000 0.602142777357363 0.820021617669034 0.469975081006031
0.233333100000000 0.638544079541401 0.782228866906381 0.459588564242313
0.266666400000000 0.672191940072115 0.748990406630428 0.454541049939707
0.299999700000000 0.701230781674839 0.718328252740681 0.455585044684823
0.333333000000000 0.722965561914571 0.703122027733923 0.472821559745625
0.366666300000000 0.721854682962251 0.710979932771730 0.519802922917771
0.399999600000000 0.682789787944739 0.726117903097210 0.586659570998169
0.433332900000000 0.656344588214035 0.733837548799852 0.638223204844499
0.466666200000000 0.735185810663019 0.741124924516563 0.655234506910450
0.499999500000000 0.903270482821335 0.776703111222422 0.645714140073128
0.533332800000000 1.041717769690691 0.831284318801099 0.641378605415972
0.566666100000000 1.082814155139366 0.859235544339878 0.679036213831177
0.599999400000000 1.053822452060006 0.856997140194628 0.743292655221313
0.633332700000000 1.023759324552176 0.856647012289249 0.799122635342991
0.666666000000000 1.021683819721863 0.870476968294191 0.841852653953896
0.699999300000000 1.031745761121673 0.888441216771085 0.879206334242032
0.733332600000000 1.047520293844017 0.908567179145625 0.914593307837596
0.766665900000000 1.065268558074407 0.938740569841370 0.953826480116843
0.799999200000000 1.073723506277515 0.983750312483702 1.002816693171478
0.833332500000000 1.076726114940921 1.029153045866511 1.052216599106889
0.866665800000000 1.087184686451193 1.053348665290609 1.090381239962728
0.899999100000000 1.107548391712906 1.058811815968433 1.119406228947239
0.933332400000000 1.137702181510389 1.052634183816095 1.144051438454744
0.966665700000000 1.180308987232912 1.025743418161850 1.162283923329513
0.999999000000000 1.231210349366594 0.980109887934370 1.172983677369081
1.033332300000000 1.282040773995086 0.932912798845021 1.181190145980638
1.066665600000000 1.330487503204908 0.889774139287641 1.188740924753755
1.099998900000000 1.380100095514015 0.847855421016028 1.190650769915589
1.133332200000000 1.427558629617126 0.807860651118724 1.186739316752185
1.166665500000000 1.458704878637172 0.773003227184764 1.186729190787432
1.199998800000000 1.467143196305083 0.756563488271981 1.206065694335005
1.233332100000000 1.477297192535648 0.776653228573307 1.245510468657876
1.266665400000000 1.503484094893523 0.816775515947749 1.285923818747714
1.299998700000000 1.525900884712667 0.826007718109875 1.307653088944398
1.333332000000000 1.520364621469511 0.807416820726704 1.325972081652301
1.366665300000000 1.490004812012530 0.811899823700910 1.369521569738663
1.399998600000000 1.465756175508750 0.841614652719787 1.426622175509946
1.433331900000000 1.466907002749770 0.856338703686165 1.468295217620739
1.466665200000000 1.483560617378019 0.842680205078050 1.492062812440574
1.499998500000000 1.509521515289306 0.821333040880501 1.511052208017072
1.533331800000000 1.542636826714754 0.809631678848869 1.534437680618787
1.566665100000000 1.577356986564231 0.813416633198366 1.564155916663762
1.599998400000000 1.611403575910985 0.831549305191419 1.598870292529767
1.633331700000000 1.642251226110061 0.852650093124463 1.635256769382571
1.666665000000000 1.658779019378485 0.868035900292140 1.671934902363016
1.699998300000000 1.697687582627806 0.877208117616883 1.696489376036870
