0.000000000000000 0.155198000000000 0.664824000000000 1.017709000000000
0.033333300000000 0.464907317513399 0.977361806930681 0.471689716751718
0.066666600000000 0.495388293537281 0.970139886553284 0.498007883215955
0.099999900000000 0.522776634672201 0.980472615877445 0.526762794700994
0.133333200000000 0.548633569038306 1.007806516909934 0.551605844827462
0.166666500000000 0.575085463312060 1.040346402637505 0.566928528464806
0.199999800000000 0.608090071493292 1.057278128002227 0.573349777199129
0.233333100000000 0.648691912661965 1.060601062142983 0.577574878128420
0.266666400000000 0.691494096384128 1.072888837796200 0.585175624039177
0.299999700000000 0.731349856972331 1.094753455117627 0.597208284834973
0.333333000000000 0.759574442469577 1.114661601512101 0.617847006771029
0.366666300000000 0.760309726364766 1.147966871405395 0.654885171864590
0.399999600000000 0.725699272715209 1.204955089738966 0.703135380743440
0.433332900000000 0.704691052673474 1.213324093989839 0.744906694594139
0.466666200000000 0.772762224951411 1.071169433003975 0.767824094413070
0.499999500000000 0.929973710254715 0.835883179852677 0.722039911751317
0.533332800000000 1.060500242766511 0.674086541399667 0.652041157339783
0.566666100000000 1.094543766267234 0.625436754851015 0.665138927100505
0.599999400000000 1.063108290307999 0.632981359760724 0.736495416866536
0.633332700000000 1.032862931441696 0.659586909473269 0.804613994985328
0.666666000000000 1.033441815052937 0.709653853440836 0.862621289266115
0.699999300000000 1.047006833669484 0.794504111929205 0.921575342687062
0.733332600000000 1.062801013252830 0.897512301498010 0.975318417566262
0.766665900000000 1.075553715848053 0.980913210180170 1.021595635017095
0.799999200000000 1.078990090851773 1.034688083859341 1.069697526092183
0.833332500000000 1.076867577225566 1.084773043647053 1.117199659223439
0.866665800000000 1.072355180019280 1.158313366151589 1.152636177636890
0.899999100000000 1.062875757135282 1.252061736543463 1.172042264301177
0.933332400000000 1.056231532894651 1.336565388238962 1.181080392216835
0.966665700000000 1.060789319992515 1.398698998060593 1.185638896453968
0.999999000000000 1.075413990061892 1.443214513371988 1.189591920101818
1.033332300000000 1.102215208305244 1.463688775907184 1.202677797762201
1.066665600000000 1.141473184335845 1.461513877740391 1.226505527425772
1.099998900000000 1.187093484770037 1.457339486787868 1.249173311464377
1.133332200000000 1.230986981776094 1.455233432812304 1.268272067461879
1.166665500000000 1.269035695813678 1.441392421818711 1.291873983228929
1.199998800000000 1.306920927973148 1.408955552021523 1.324853525570528
1.233332100000000 1.362539855259585 1.364709489539062 1.360270811433910
1.266665400000000 1.437453697730753 1.316457685037000 1.387843419172057
1.299998700000000 1.503002539869769 1.239213428208472 1.409885811799890
1.333332000000000 1.526702062053877 1.116149433031324 1.435858639221995
1.366665300000000 1.505671275590748 0.974111281139719 1.466857087351926
1.399998600000000 1.477227507913001 0.842613132133482 1.491357652262342
1.433331900000000 1.471153829184982 0.730834351513810 1.498166811888510
1.466665200000000 1.482045641246668 0.637301660655378 1.490938447104575
1.499998500000000 1.504499936096754 0.563540484541133 1.482806599627559
1.533331800000000 1.534631636101322 0.514453289133179 1.485661950817990
1.566665100000000 1.565664037334738 0.487366677149344 1.502035155152897
1.599998400000000 1.596960835508245 0.476318545213606 1.529291356638044
1.633331700000000 1.626772477779146 0.472588305269881 1.561831329117601
1.666665000000000 1.639505736790088 0.449502014232566 1.583353280087515
1.699998300000000 1.714636403725719 0.425298893981799 1.579337944013349
