0.000000000000000 0.170840000000000 0.678949000000000 0.983584000000000
0.033333300000000 0.467583011581239 0.982651029069907 0.432021516094596
0.066666600000000 0.497826800543656 0.975766786696869 0.458370841293607
0.099999900000000 0.525060066055846 0.985814445887746 0.487077128201608
0.133333200000000 0.550725213524878 1.012428264912120 0.511819315758211
0.166666500000000 0.576876209251273 1.044320732016740 0.527057469424864
0.199999800000000 0.609294658118432 1.061244522402919 0.533455910119703
0.233333100000000 0.649002060696773 1.064816040149053 0.537689521007854
0.266666400000000 0.690779212874286 1.076729166837556 0.545257649616597
0.299999700000000 0.729682970445249 1.097727326182977 0.557244789121418
0.333333000000000 0.757519681749706 1.116712054628395 0.577843549910126
0.366666300000000 0.759195313903913 1.148277201611432 0.614793180248315
0.399999600000000 0.727124206001241 1.202346726190302 0.663137013042640
0.433332900000000 0.708242374174998 1.209658192327780 0.705124126871619
0.466666200000000 0.775129771617981 1.072448370490337 0.727805811270014
0.499999500000000 0.927684331002210 0.845770165759899 0.683236443178863
0.533332800000000 1.054443175479616 0.689692162093670 0.615592838412336
0.566666100000000 1.088662016871073 0.642435392337202 0.629289886644797
0.599999400000000 1.060094486561755 0.649386231033297 0.700019389129000
0.633332700000000 1.032546323457587 0.674946262660720 0.767564117211608
0.666666000000000 1.034528073163446 0.723408515163943 0.824960530667804
0.699999300000000 1.048879361638131 0.805577679408986 0.883071152963765
0.733332600000000 1.065272173958134 0.905454455854989 0.936081706529674
0.766665900000000 1.078765860356626 0.986535311712375 0.982013094471829
0.799999200000000 1.083408632948230 1.038864351304947 1.030052360642346
0.833332500000000 1.082737085186672 1.087548455550005 1.077620000570749
0.866665800000000 1.079611817296014 1.159022235359168 1.113195815900713
0.899999100000000 1.071457982813377 1.250064260677720 1.132913516849862
0.933332400000000 1.065918026643983 1.332105096797874 1.142415413385283
0.966665700000000 1.071199818101597 1.392474934178547 1.147408207250817
0.999999000000000 1.086189272878330 1.435763405792178 1.151683106566702
1.033332300000000 1.112873635622099 1.455773021251154 1.164830174019922
1.066665600000000 1.151518605352737 1.453870348148306 1.188434955229801
1.099998900000000 1.196178816074582 1.450015086259416 1.210799970119304
1.133332200000000 1.239048761832206 1.448201867855726 1.229616301907588
1.166665500000000 1.276338144827302 1.434992902245218 1.252958366327442
1.199998800000000 1.313666741698795 1.403479618677256 1.285697274086903
1.233332100000000 1.368009508651931 1.360158313194424 1.320798382480964
1.266665400000000 1.440641642681511 1.312685527236664 1.348040029896131
1.299998700000000 1.504222560474079 1.237379391989184 1.369837700007636
1.333332000000000 1.527853781057463 1.118187799968596 1.395818396540958
1.366665300000000 1.508735255705436 0.980560460477727 1.427389087710529
1.399998600000000 1.482501811196247 0.852888117820536 1.452947897217710
1.433331900000000 1.477734464231116 0.744314071246004 1.460968749945298
1.466665200000000 1.489286928400048 0.653497347135304 1.454966695495761
1.499998500000000 1.512029733233512 0.581873594314161 1.447936803884977
1.533331800000000 1.542200011656793 0.534105503136069 1.451526725753022
1.566665100000000 1.573256352653085 0.507578574592099 1.468233685305117
1.599998400000000 1.604635818671119 0.496584095447040 1.495540719293161
1.633331700000000 1.634592318964278 0.492748782175584 1.528051029107478
1.666665000000000 1.648020685207937 0.470249381070939 1.550100523258714
1.699998300000000 1.722431979848098 0.448301539729210 1.547419129882192
