0.000000000000000 0.104159000000000 1.480695000000000 0.020250000000000
0.033333300000000 0.579295164124749 1.185406090863733 -0.038759456985726
0.066666600000000 0.619364943772202 1.183075225359066 0.008953311271998
0.099999900000000 0.638605595432181 1.212472589337572 0.037859091801525
0.133333200000000 0.640145486255907 1.269011343221676 0.049790958666033
0.166666500000000 0.627320410031584 1.341279311638442 0.041654853409646
0.199999800000000 0.600327757264836 1.412816448139797 0.013419929110401
0.233333100000000 0.550047588652930 1.471956730595390 -0.021768247740579
0.266666400000000 0.466582855327309 1.514721340988023 -0.063828128078371
0.299999700000000 0.357212919573681 1.534351817322542 -0.128056164212787
0.333333000000000 0.252012476415977 1.525475063614016 -0.204434694626512
0.366666300000000 0.186929187471177 1.502039708484454 -0.256861703446709
0.399999600000000 0.173024064602723 1.483538564886967 -0.268591945997999
0.433332900000000 0.197956864764415 1.474812671758622 -0.252562591203073
0.466666200000000 0.244031427178482 1.473526132348777 -0.223464521739201
0.499999500000000 0.298987946855074 1.477004648685528 -0.186674370968197
0.533332800000000 0.365569239910803 1.484852745528117 -0.139438891804578
0.566666100000000 0.442646827434407 1.492996300367259 -0.082702898195073
0.599999400000000 0.518132345998726 1.497403569154000 -0.023620507030917
0.633332700000000 0.590918639493868 1.500222558349636 0.033784279630490
0.666666000000000 0.666999768703343 1.501192732140978 0.092368013380544
0.699999300000000 0.741009206083151 1.497015163347342 0.151477292076704
0.733332600000000 0.803811542246164 1.488883271361209 0.205241813592142
0.766665900000000 0.852950181516381 1.479903792932176 0.250727899996207
0.799999200000000 0.892280445976618 1.470230750410547 0.291888548864336
0.833332500000000 0.929268389216901 1.457864130227790 0.331761604688555
0.866665800000000 0.971210650822050 1.440579180781766 0.369620030786046
0.899999100000000 1.021008580929116 1.417533921336375 0.407334170581842
0.933332400000000 1.077493775927355 1.391074858686348 0.449910752785220
0.966665700000000 1.141809321762054 1.361189110451889 0.502236276948474
0.999999000000000 1.210191783508784 1.327665996545866 0.561731911855821
1.033332300000000 1.273133660772352 1.296158577800462 0.623647278671307
1.066665600000000 1.331523349121341 1.267757327815405 0.690939528073034
1.099998900000000 1.395863132840027 1.235712656702952 0.765390882053442
1.133332200000000 1.461174223445876 1.208716921109333 0.832647461580958
1.166665500000000 1.509792288594358 1.211623796938798 0.874688963822436
1.199998800000000 1.541685328678842 1.250846122629199 0.885249613254690
1.233332100000000 1.568444015084239 1.312744549960063 0.857576983115856
1.266665400000000 1.564510668592468 1.385460786766409 0.806424155535211
1.299998700000000 1.491017763291985 1.458156620432903 0.762821214518836
1.333332000000000 1.358255951331404 1.512289071404312 0.708245574625132
1.366665300000000 1.219524061537777 1.531167012265254 0.634945439106755
1.399998600000000 1.132078766142190 1.521744935753848 0.581601787732546
1.433331900000000 1.107992343871433 1.504872387691104 0.564219511049862
1.466665200000000 1.114690737120767 1.485983168298495 0.564347983508627
1.499998500000000 1.134930686280702 1.467069759222146 0.569770296664354
1.533331800000000 1.170270629426541 1.454851390004614 0.584882747161222
1.566665100000000 1.223527545328344 1.453614310873760 0.615698832959140
1.599998400000000 1.295180339747370 1.461042315916431 0.664050649663584
1.633331700000000 1.372102503687099 1.469291323958413 0.724011858784790
1.666665000000000 1.451998090289338 1.476120502599628 0.792407999103920
1.699998300000000 1.551149324712793 1.480229625286495 0.874745976523657
