0.000000000000000 0.999999000000000 1.424863000000000 -0.005774000000000
0.033333300000000 0.791690924123442 1.367417839726738 -0.984317556755776
0.066666600000000 0.819471084905766 1.373094748098646 -0.949142712851732
0.099999900000000 0.847711671483775 1.376638380852601 -0.914535837601978
0.133333200000000 0.873799047134800 1.382547325987359 -0.883133827726560
0.166666500000000 0.899459756042582 1.391729246935099 -0.853828422293393
0.199999800000000 0.925738725833405 1.402149154444775 -0.826544955178413
0.233333100000000 0.952797217265434 1.409664665276206 -0.801541353191659
0.266666400000000 0.980499375032614 1.410922960666017 -0.777161621410537
0.299999700000000 1.007398760924564 1.405602538249167 -0.751275103686134
0.333333000000000 1.032135459411846 1.396927732506117 -0.725495308135191
0.366666300000000 1.056296736497478 1.387744490451204 -0.701993124841290
0.399999600000000 1.083125341427131 1.378298806063129 -0.678970684167129
0.433332900000000 1.115021547038341 1.369233781532845 -0.654514120256539
0.466666200000000 1.150025328782945 1.362108481488502 -0.630795472648971
0.499999500000000 1.183647263932427 1.357039449075812 -0.610572005989352
0.533332800000000 1.217732655818641 1.353066274471478 -0.589948679237167
0.566666100000000 1.257333192575706 1.348955142472649 -0.560502205917869
0.599999400000000 1.300254589144658 1.345387016674709 -0.522485076137462
0.633332700000000 1.341032967573104 1.345564973965534 -0.485418850044515
0.666666000000000 1.377898781390089 1.348931421977111 -0.454128762136504
0.699999300000000 1.409233244115099 1.352033578191508 -0.427839705017565
0.733332600000000 1.432035148624351 1.355152067636074 -0.407532560837971
0.766665900000000 1.449467679424022 1.357384073915238 -0.390666257751308
0.799999200000000 1.470450389625066 1.353685670188981 -0.369955299218860
0.833332500000000 1.497174754485872 1.345608819453142 -0.343906634062129
0.866665800000000 1.522549112233488 1.342221120505555 -0.319099948561800
0.899999100000000 1.540210772003421 1.346421873131606 -0.301372191838617
0.933332400000000 1.555043932658705 1.351612426810658 -0.285822273686326
0.966665700000000 1.578231838895125 1.351914579032121 -0.262131965438614
0.999999000000000 1.610238007857926 1.348678657408412 -0.228969061068731
1.033332300000000 1.644725487182208 1.346524691787054 -0.189922148764352
1.066665600000000 1.680291215500244 1.347383442195262 -0.145913223667428
1.099998900000000 1.713921243416658 1.351705794488000 -0.103260364392249
1.133332200000000 1.740054566555004 1.358994029821983 -0.070243680183174
1.166665500000000 1.759740905763622 1.367715209248517 -0.046606242740199
1.199998800000000 1.779159605435001 1.378261759364104 -0.025169116299071
1.233332100000000 1.795929283319279 1.391920458347200 -0.006801717630099
1.266665400000000 1.809558294070614 1.406884936632826 0.008388179784718
1.299998700000000 1.827572737916068 1.421751578795842 0.025945895945649
1.333332000000000 1.850393963526111 1.435623069677658 0.046426127416410
1.366665300000000 1.871369498068933 1.445500608454707 0.065477413718821
1.399998600000000 1.891707350408430 1.448573834361103 0.083651919614880
1.433331900000000 1.914589407215283 1.444259590805170 0.102454028556736
1.466665200000000 1.938422343734762 1.434148312388534 0.121036150815666
1.499998500000000 1.964485677463412 1.421238765482865 0.141447215008510
1.533331800000000 1.993587773026820 1.409933905846835 0.164118882683426
1.566665100000000 2.022248549821105 1.403552723244046 0.183456056771730
1.599998400000000 2.049740093281337 1.400158538709689 0.198396203555223
1.633331700000000 2.078419654847089 1.397876121248324 0.216991649600725
1.666665000000000 2.108184736538052 1.399826483059243 0.241690503661043
1.699998300000000 2.140293555069290 1.406167060181709 0.269181705696956
