0.000000000000000 -0.104159000000000 1.023518000000000 0.114920000000000
0.033333300000000 0.187719257940750 1.058710352948347 0.023910198696568
0.066666600000000 0.176873102466515 1.057205319760353 0.018682337227782
0.099999900000000 0.157384580242934 1.059185194679619 0.004978494766722
0.133333200000000 0.154338633346035 1.058741215626726 0.004200467164666
0.166666500000000 0.175729255314113 1.053216308588534 0.026027362942156
0.199999800000000 0.204205883768344 1.045270472124165 0.051196065554233
0.233333100000000 0.216912005723232 1.041542681061146 0.060365609141708
0.266666400000000 0.210170474110815 1.043629305277064 0.052425627926424
0.299999700000000 0.196238494134125 1.047367897951878 0.040701515152257
0.333333000000000 0.194749362915445 1.047258676166697 0.043216530482520
0.366666300000000 0.217124085176258 1.039680608737471 0.066734350148725
0.399999600000000 0.258712744047225 1.024423644202295 0.101264629224000
0.433332900000000 0.314537251269203 1.001723251606757 0.141447142980163
0.466666200000000 0.386907869905045 0.967755682992973 0.193853382562695
0.499999500000000 0.463734816510111 0.923984993227345 0.260938683138524
0.533332800000000 0.539591749527067 0.878053562166904 0.332588764170420
0.566666100000000 0.627751688122651 0.820123554297892 0.407579048608929
0.599999400000000 0.725593093193178 0.745624634005176 0.483724643482056
0.633332700000000 0.812567232517662 0.695774044288415 0.542783117473756
0.666666000000000 0.878301658257835 0.704070750982421 0.581727789419524
0.699999300000000 0.917893722340751 0.759463231808364 0.610006374364501
0.733332600000000 0.932059033482879 0.841940662656086 0.623227786099317
0.766665900000000 0.924621450091436 0.933041658840788 0.609812888195737
0.799999200000000 0.891155875335828 1.014854215152906 0.572209396925250
0.833332500000000 0.836286529812079 1.067410708824552 0.536537674268964
0.866665800000000 0.800615845227249 1.084417837017063 0.530718219610556
0.899999100000000 0.810460216124528 1.083066405091959 0.551831159995186
0.933332400000000 0.847146727556549 1.077789974896829 0.580593933695688
0.966665700000000 0.896447934490787 1.071736297146810 0.613326211970918
0.999999000000000 0.961492116431833 1.062795697172846 0.662813699760553
1.033332300000000 1.029398060446637 1.048247382393650 0.727471814891402
1.066665600000000 1.072286882492047 1.034165611122706 0.778657176180281
1.099998900000000 1.077199286775654 1.030203669488221 0.794546933549860
1.133332200000000 1.061104027707265 1.034283104986815 0.783007541260775
1.166665500000000 1.049687267352471 1.037350905582752 0.772654098907954
1.199998800000000 1.049826076160505 1.036292634572256 0.776507021844638
1.233332100000000 1.053360965688810 1.033234679152366 0.788736000896343
1.266665400000000 1.064395106691588 1.028436413183166 0.809667198989283
1.299998700000000 1.097269092526266 1.016935453499729 0.847541829323938
1.333332000000000 1.156227998536754 0.993157487594515 0.900453790845946
1.366665300000000 1.224888298797695 0.958190655064973 0.955978636715380
1.399998600000000 1.279418662939250 0.923093322697781 1.001212645290909
1.433331900000000 1.306059695352778 0.902729830529368 1.026005273887423
1.466665200000000 1.310814688940036 0.900233958181906 1.030753122138110
1.499998500000000 1.316254391344798 0.899457148387589 1.037424060509777
1.533331800000000 1.338148969334047 0.889059754477010 1.064085057975101
1.566665100000000 1.382058867781553 0.872797030622525 1.101463944331145
1.599998400000000 1.456345576425556 0.843701578251475 1.146042159376863
1.633331700000000 1.550066567802287 0.793919971476806 1.205393408678323
1.666665000000000 1.627788553259821 0.749863839898845 1.273976651307674
1.699998300000000 1.669674749562072 0.749324052577293 1.339790852416009
