0.000000000000000 -0.135055000000000 1.761225000000000 0.023139000000000
0.033333300000000 -0.204562686388778 1.745065493447350 -0.531989340344371
0.066666600000000 -0.163511754539600 1.748259362883281 -0.479582857047053
0.099999900000000 -0.130403713061894 1.751702642375174 -0.434231118621126
0.133333200000000 -0.104759969964880 1.755669919491179 -0.391806604144389
0.166666500000000 -0.083420491320651 1.757826630922128 -0.355368933324673
0.199999800000000 -0.062658896626655 1.757379168576296 -0.325572068646600
0.233333100000000 -0.042780877625191 1.755788005349246 -0.301105741694807
0.266666400000000 -0.036890410479903 1.752842705510932 -0.282875258225421
0.299999700000000 -0.053394561420290 1.744611804202032 -0.268213075116277
0.333333000000000 -0.078705446816900 1.729577815902399 -0.251858041707399
0.366666300000000 -0.096693978578545 1.711560836230205 -0.233787123079091
0.399999600000000 -0.108013231487868 1.691682936438119 -0.218115250708633
0.433332900000000 -0.118757307863670 1.668315133096751 -0.209594092748596
0.466666200000000 -0.122190158542082 1.645930671867726 -0.206677820831175
0.499999500000000 -0.105036499968971 1.635363693018393 -0.199556124280996
0.533332800000000 -0.068287961920762 1.638199100379870 -0.186596227618599
0.566666100000000 -0.027813022222128 1.642736941860050 -0.173713401744718
0.599999400000000 0.009673884260438 1.646514876557866 -0.158349397574916
0.633332700000000 0.054198553900875 1.659535821041774 -0.135983681399816
0.666666000000000 0.109782005823403 1.681371936232734 -0.108862837591092
0.699999300000000 0.165283577269989 1.702079305427033 -0.079133704173407
0.733332600000000 0.210758848492907 1.718968471571310 -0.046211863304383
0.766665900000000 0.251557731355649 1.734980358246481 -0.009934847659043
0.799999200000000 0.302139449801107 1.751103205384287 0.029645382787712
0.833332500000000 0.366509648416919 1.763848960077384 0.073899203864109
0.866665800000000 0.435116334218714 1.768419039641263 0.123553298194683
0.899999100000000 0.496310131902730 1.764712239369315 0.175877092472946
0.933332400000000 0.546617034273806 1.759168562941303 0.224803946410165
0.966665700000000 0.591956260240122 1.756846887730910 0.268440330459056
0.999999000000000 0.635887043040386 1.756434367963079 0.310383981208806
1.033332300000000 0.675492280309147 1.755722894615047 0.352064325204353
1.066665600000000 0.710883944199578 1.753544484785680 0.390480721264882
1.099998900000000 0.739440882461979 1.749490692389877 0.421085874115547
1.133332200000000 0.754021548819274 1.744882223999494 0.443894194699169
1.166665500000000 0.757331824869826 1.741328427291009 0.463862597413939
1.199998800000000 0.758886623652077 1.739586421293009 0.485365944931209
1.233332100000000 0.757011785254446 1.737134458762685 0.507281583368292
1.266665400000000 0.745183839706345 1.729428261081190 0.523270511512906
1.299998700000000 0.729951273181674 1.716892104932778 0.534754468158686
1.333332000000000 0.717026111474368 1.702405524519198 0.546363189646279
1.366665300000000 0.703902259920008 1.685113700086047 0.560337423622824
1.399998600000000 0.696185714237548 1.665491813755323 0.577464637654135
1.433331900000000 0.695697842794789 1.642115331758943 0.595796382343847
1.466665200000000 0.693855019925681 1.610628901289888 0.614219066667179
1.499998500000000 0.692108230212976 1.575485002689783 0.631892789309106
1.533331800000000 0.701454441172243 1.547201554775900 0.645514386705209
1.566665100000000 0.726439718326499 1.532538343831002 0.655093025104638
1.599998400000000 0.762973585737226 1.532167358402121 0.666512304858914
1.633331700000000 0.808778351975207 1.544875970313915 0.689404289666269
1.666665000000000 0.867204859401849 1.569552712907988 0.724147575989162
1.699998300000000 0.930227973892000 1.597822354942627 0.756663767875780
