0.000000000000000 0.903558000000000 0.900176000000000 0.020250000000000
0.033333300000000 0.605202475297859 0.977275580283143 -1.007422536992170
0.066666600000000 0.634864435429830 0.980867161540160 -0.972451646697689
0.099999900000000 0.665869351229021 0.987859436773761 -0.935200509553973
0.133333200000000 0.695239974510608 0.995675517273615 -0.900772764925103
0.166666500000000 0.721382394391840 0.999703191452030 -0.874231186621673
0.199999800000000 0.746932662073185 0.997669732018195 -0.853381970331829
0.233333100000000 0.776301211876791 0.992538484145676 -0.830136816973585
0.266666400000000 0.810281084340942 0.987179952188970 -0.799395407124332
0.299999700000000 0.843869089613471 0.982522168678427 -0.763889013319698
0.333333000000000 0.871922559964872 0.978587386233879 -0.731358741096410
0.366666300000000 0.895662639170785 0.973759350758975 -0.705578368514575
0.399999600000000 0.920214404642629 0.965835156193385 -0.683312088905583
0.433332900000000 0.948242231261390 0.953838913964551 -0.662623642132732
0.466666200000000 0.977497738720014 0.940332846185124 -0.644996513992941
0.499999500000000 1.004620598508943 0.930262828002048 -0.630041152462324
0.533332800000000 1.029472218654720 0.924332424202285 -0.616406038179496
0.566666100000000 1.051897025770342 0.919602665997863 -0.604122813827663
0.599999400000000 1.070894102539723 0.917462661569846 -0.593581163430441
0.633332700000000 1.088540891138850 0.920834686412360 -0.584694944815566
0.666666000000000 1.109428852498927 0.926755768871830 -0.573646764306088
0.699999300000000 1.133404614508748 0.931223727276987 -0.557199634010301
0.733332600000000 1.156347014694547 0.935751635139728 -0.536614927875597
0.766665900000000 1.179501599009271 0.942974976904631 -0.511755845985519
0.799999200000000 1.206817506179854 0.952865201286524 -0.481542208553611
0.833332500000000 1.239635847761430 0.962301454589259 -0.447306711938806
0.866665800000000 1.273257843758573 0.964296318249868 -0.415575713997783
0.899999100000000 1.298630220687048 0.957396770912032 -0.393910110829014
0.933332400000000 1.314763881136339 0.950663385405245 -0.379744499538602
0.966665700000000 1.331583821440052 0.952448538181657 -0.362929000690661
0.999999000000000 1.354195145225080 0.961338837783450 -0.339210561089552
1.033332300000000 1.380246237791533 0.973060110868025 -0.309336144001770
1.066665600000000 1.411552168817824 0.985976421792617 -0.272130542277710
1.099998900000000 1.447920144446275 0.997877885188171 -0.230538052845839
1.133332200000000 1.481410230591922 1.006954540108004 -0.192761011487725
1.166665500000000 1.509076461167095 1.013690925872575 -0.161969359061578
1.199998800000000 1.537880903457637 1.020015214792799 -0.132423631111886
1.233332100000000 1.569596968510292 1.026521023363968 -0.100540968360045
1.266665400000000 1.601252731722372 1.030634329648276 -0.069318689111634
1.299998700000000 1.633901010381522 1.029862104636909 -0.041902380066014
1.333332000000000 1.667593819707472 1.028403411662535 -0.016159363480373
1.366665300000000 1.698411056079878 1.030398736564490 0.010390626336237
1.399998600000000 1.727400573422083 1.030908136039589 0.037602007442900
1.433331900000000 1.757279646328917 1.023620253094238 0.063873580919108
1.466665200000000 1.786802846384303 1.009683205412545 0.088195798916048
1.499998500000000 1.817657014629775 0.992569698685323 0.113759252377889
1.533331800000000 1.850690262169445 0.974323437167211 0.141154789107801
1.566665100000000 1.883218978897493 0.957013620827742 0.165464962828977
1.599998400000000 1.913674774407514 0.944291078020319 0.185771714700112
1.633331700000000 1.943712018792167 0.937650584879023 0.208149279635107
1.666665000000000 1.984132174813266 0.929300457904143 0.242276515951196
1.699998300000000 2.039857303680002 0.910552796145274 0.290317395550952
