0.000000000000000 0.895841000000000 0.023518000000000 0.114920000000000
0.033333300000000 0.817919278113421 0.114910253741267 -0.819943643690294
0.066666600000000 0.818222147028829 0.117840505600541 -0.821713491508599
0.099999900000000 0.821714467261949 0.121049076083882 -0.818772938736994
0.133333200000000 0.827323345450317 0.121059332200628 -0.813016922988287
0.166666500000000 0.829992975755616 0.119169378166496 -0.810331002761931
0.199999800000000 0.827262762642607 0.115950176561086 -0.813768623864944
0.233333100000000 0.824757522921758 0.113861724910076 -0.817092008533524
0.266666400000000 0.825753472707674 0.112956292874777 -0.816427245593916
0.299999700000000 0.828721959738804 0.114407576358732 -0.813435302968534
0.333333000000000 0.830411583023028 0.117247356160105 -0.811776151701073
0.366666300000000 0.831422859268546 0.116444396650671 -0.810917011634716
0.399999600000000 0.835307376897157 0.106563857437990 -0.807070133520242
0.433332900000000 0.842898159072031 0.086228745888151 -0.798076439004248
0.466666200000000 0.847905513946515 0.063189315911995 -0.790646927104161
0.499999500000000 0.847004246778294 0.062079012490921 -0.792732339616057
0.533332800000000 0.848125529327962 0.081065055724493 -0.794183718330137
0.566666100000000 0.857840077156817 0.092341314786963 -0.782963829696645
0.599999400000000 0.876313384332327 0.094702877600376 -0.762703958916742
0.633332700000000 0.909896689206934 0.091525924154629 -0.732133031210289
0.666666000000000 0.965032473713186 0.083144622561487 -0.685919049686163
0.699999300000000 1.034788777251694 0.088763170120074 -0.629548777046154
0.733332600000000 1.111693112774300 0.096500230111852 -0.565069381735980
0.766665900000000 1.210940965013100 0.071843599602263 -0.474787977624875
0.799999200000000 1.331305013160662 0.048435610008080 -0.361762666951386
0.833332500000000 1.430742513810952 0.073284080970668 -0.274840370097407
0.866665800000000 1.485167065007865 0.113201924372345 -0.236177652410253
0.899999100000000 1.513400629176786 0.130344541352129 -0.221600043183239
0.933332400000000 1.538706736057261 0.130306952570868 -0.209355860308057
0.966665700000000 1.574075608761140 0.123427585830987 -0.187630293156218
0.999999000000000 1.610354691260747 0.116249545739308 -0.163641224716729
1.033332300000000 1.626431723771573 0.120439526301867 -0.157244742561422
1.066665600000000 1.631633913736150 0.133675843835304 -0.157424592496520
1.099998900000000 1.646051253370310 0.140514403687930 -0.146123279873065
1.133332200000000 1.662071660960212 0.139648175242864 -0.132670484174141
1.166665500000000 1.669525051051447 0.138900394845537 -0.126561004198738
1.199998800000000 1.671724127414885 0.141313674406276 -0.124745148586160
1.233332100000000 1.670200646785502 0.147879748214731 -0.125405921394146
1.266665400000000 1.661937279269331 0.157538827353369 -0.130801166766260
1.299998700000000 1.650887042914471 0.167246494009493 -0.138123345635775
1.333332000000000 1.646802547752352 0.171343660211380 -0.140679555456916
1.366665300000000 1.650768956402457 0.168673487693599 -0.137313779751512
1.399998600000000 1.653607980673100 0.168346939431023 -0.134718801337638
1.433331900000000 1.654989576507633 0.171463541590366 -0.133088144564532
1.466665200000000 1.658442660968682 0.170703483132302 -0.129824354395511
1.499998500000000 1.662897565057397 0.170905043842362 -0.124062203326855
1.533331800000000 1.666498927451794 0.180391618140017 -0.114887281626099
1.566665100000000 1.679284676333426 0.178255429986662 -0.094056353997938
1.599998400000000 1.707877843104051 0.147632896239709 -0.059038712905982
1.633331700000000 1.743626563697652 0.113399467365112 -0.019117257454297
1.666665000000000 1.792718855619704 0.098946002782880 0.029346599972037
1.699998300000000 1.866965668003037 0.091003600251917 0.103793087227563
