0.000000000000000 0.976839000000000 1.355043000000000 0.036901000000000
0.033333300000000 0.820447781924215 1.492941111299512 -0.890784012840498
0.066666600000000 0.847108691137291 1.498128576042452 -0.856148266243329
0.099999900000000 0.874766603950516 1.501797903286862 -0.821978515274913
0.133333200000000 0.900561118420419 1.507584797793760 -0.790710631042132
0.166666500000000 0.925748834647699 1.516265125115696 -0.760961348550283
0.199999800000000 0.951376625701134 1.525928011663110 -0.732866460241903
0.233333100000000 0.977845302862918 1.533202087715611 -0.707485017579281
0.266666400000000 1.005185047215811 1.534712072383521 -0.683626935959027
0.299999700000000 1.031857121224871 1.530076238262308 -0.658779923969326
0.333333000000000 1.056440533184640 1.522181037189505 -0.634134547641027
0.366666300000000 1.080583175038596 1.513654683284020 -0.611594263274374
0.399999600000000 1.107295374639043 1.504819880391611 -0.589389691495985
0.433332900000000 1.138750856838672 1.496454671463609 -0.565718812693420
0.466666200000000 1.173188145992365 1.490143984392367 -0.542966759748639
0.499999500000000 1.206360652437219 1.486353225667929 -0.524243238376379
0.533332800000000 1.239955616882154 1.483726268211003 -0.505442130132474
0.566666100000000 1.278652992736928 1.480722380797612 -0.477116388471922
0.599999400000000 1.320270526634366 1.477756878278074 -0.439263166911864
0.633332700000000 1.359878423104920 1.478048633500126 -0.401869163331049
0.666666000000000 1.395904925715371 1.481500474232273 -0.370266500184459
0.699999300000000 1.426684424434096 1.485055146784977 -0.343955119957280
0.733332600000000 1.449530581333228 1.488406784061310 -0.323851624185004
0.766665900000000 1.467761439341153 1.490916739786419 -0.307101378488308
0.799999200000000 1.489939185710162 1.487422387332465 -0.286579978046188
0.833332500000000 1.517592521640015 1.479538372290042 -0.260703748435273
0.866665800000000 1.542907378028668 1.476323959737943 -0.235813126559737
0.899999100000000 1.559983110372361 1.480541501609511 -0.217605027268594
0.933332400000000 1.575087982008651 1.485131559163357 -0.201066152211743
0.966665700000000 1.599487598259597 1.484494914434076 -0.175909706302276
0.999999000000000 1.632445354059583 1.480392481979912 -0.141435361094591
1.033332300000000 1.666702671941503 1.478081865884870 -0.101868961267392
1.066665600000000 1.700420429533385 1.479645841603443 -0.058411567284972
1.099998900000000 1.731097931872220 1.485431765061838 -0.017149986184329
1.133332200000000 1.754854979669128 1.493905867418541 0.014643161244371
1.166665500000000 1.773840431995398 1.502932453109175 0.038117614724743
1.199998800000000 1.793019295524174 1.513548886196933 0.059715190798973
1.233332100000000 1.808442086861010 1.528151363621450 0.077046147118544
1.266665400000000 1.819586872393816 1.544789327046390 0.090154963793744
1.299998700000000 1.835453470551580 1.560703009503025 0.106661162275655
1.333332000000000 1.857021860844584 1.574718593425597 0.127173562578329
1.366665300000000 1.877116136136259 1.585168155422313 0.145926973130539
1.399998600000000 1.896929737873734 1.589005253590127 0.163453576423543
1.433331900000000 1.919783719269068 1.585303329212347 0.182048938194628
1.466665200000000 1.943849886411348 1.575429354473992 0.200703794672256
1.499998500000000 1.970081937952612 1.562943425264657 0.221075167108083
1.533331800000000 1.999249559028533 1.552244181899930 0.243422533009220
1.566665100000000 2.028055208607815 1.546537774671813 0.262172869729157
1.599998400000000 2.055729071943310 1.544393430867094 0.276238840314420
1.633331700000000 2.084373838738765 1.542849763520510 0.293874019681345
1.666665000000000 2.113478754118885 1.546443734823360 0.318473547086544
1.699998300000000 2.143487050329825 1.556536694778662 0.345849196783495
