0.000000000000000 -0.135055000000000 0.761225000000000 1.023139000000000
0.033333300000000 0.623746731466051 0.981719336672429 0.323116590654797
0.066666600000000 0.655936762867093 0.948954005978858 0.350847798543085
0.099999900000000 0.692005686617126 0.935429063849117 0.376534090499158
0.133333200000000 0.736781222234571 0.931640357075862 0.390998417618469
0.166666500000000 0.787127946743795 0.934537177392753 0.395856660415888
0.199999800000000 0.838088739322904 0.940712726144177 0.396722620615718
0.233333100000000 0.886251345689319 0.952734557760916 0.400324431850498
0.266666400000000 0.933405540129654 0.987976192067265 0.405241726627611
0.299999700000000 0.981104505931174 1.052555514536454 0.403255294640083
0.333333000000000 1.026857532283015 1.125467442522216 0.390622429605290
0.366666300000000 1.067896768331245 1.186306848583469 0.372708252561402
0.399999600000000 1.100737962922345 1.239257047264437 0.360012213452419
0.433332900000000 1.121875908191363 1.298554716998183 0.359709392141109
0.466666200000000 1.135483425377445 1.356314873328854 0.371578044290576
0.499999500000000 1.154081173280993 1.387007652736737 0.394533062765204
0.533332800000000 1.180562175957590 1.389180317658764 0.428515940179538
0.566666100000000 1.206594443024490 1.385772891278505 0.466761177338749
0.599999400000000 1.232390807151512 1.379554286959101 0.500206120264594
0.633332700000000 1.263047803768948 1.353957006783170 0.531328149283340
0.666666000000000 1.294874547926355 1.308791650526466 0.566962285761836
0.699999300000000 1.321495959982888 1.260990829114262 0.605420079049972
0.733332600000000 1.341451890228068 1.222925641427579 0.643334912509041
0.766665900000000 1.357667164891623 1.188951388757763 0.681711221889404
0.799999200000000 1.374923589147148 1.141546820840170 0.720713544714651
0.833332500000000 1.394113104249104 1.074233204459601 0.758341493005761
0.866665800000000 1.413225333272027 0.994954160809629 0.790677624827203
0.899999100000000 1.432732602242255 0.918051922080166 0.813277487963142
0.933332400000000 1.453604294214677 0.859900687291568 0.832003582550838
0.966665700000000 1.475302349778466 0.821596818235197 0.855813290004846
0.999999000000000 1.498994470818568 0.792797018803489 0.881740811411096
1.033332300000000 1.526887883826430 0.772560616151560 0.907507806143619
1.066665600000000 1.557627621299253 0.762824524507344 0.939570063355780
1.099998900000000 1.590397780374333 0.768154201646586 0.980416768873763
1.133332200000000 1.627836683851551 0.795003271698683 1.021974713108532
1.166665500000000 1.672569294057849 0.838033820238574 1.052419500240073
1.199998800000000 1.722619563040596 0.885378065654634 1.069786090627052
1.233332100000000 1.776829414223711 0.939860194829446 1.076777634024678
1.266665400000000 1.831766138950307 1.012745404283563 1.076176099965489
1.299998700000000 1.882188983070573 1.095369843989353 1.069598687592493
1.333332000000000 1.924565094380807 1.176443025821141 1.061351592160918
1.366665300000000 1.956706416071506 1.254179010225335 1.055086894975940
1.399998600000000 1.980629232141309 1.317161327135926 1.055868986930461
1.433331900000000 2.000742739199043 1.362066152302043 1.063161630789563
1.466665200000000 2.016454142724371 1.402602231972107 1.069692957493739
1.499998500000000 2.025798676730064 1.444540205999928 1.083692803794386
1.533331800000000 2.031714940172898 1.480081389012893 1.120805758546184
1.566665100000000 2.041123070696929 1.499194887986082 1.175185225538719
1.599998400000000 2.060917333163282 1.497395261918707 1.226987933074589
1.633331700000000 2.096197372771335 1.471173224833904 1.270024794127700
1.666665000000000 2.142520241432382 1.418412675673238 1.316369971294334
1.699998300000000 2.183587991315392 1.357887208974069 1.366188002384532
