0.000000000000000 -0.161684000000000 1.343430000000000 0.985508000000000
0.033333300000000 0.535287095843725 0.868134765977082 0.349047222882482
0.066666600000000 0.583095544564171 0.879947309321613 0.367626940429185
0.099999900000000 0.631190154380040 0.899766957330430 0.387222929790975
0.133333200000000 0.686706046999320 0.927210081683029 0.396720608758025
0.166666500000000 0.747173671731307 0.964345673183762 0.395989438139068
0.199999800000000 0.805635706387660 1.001935590226452 0.390731655931906
0.233333100000000 0.856551499937577 1.030616679007594 0.390354849273187
0.266666400000000 0.897944826899526 1.045336614488504 0.400395203656010
0.299999700000000 0.934857327638800 1.053124072232204 0.414243395475995
0.333333000000000 0.975242108841553 1.068047609851883 0.419741944325017
0.366666300000000 1.017548219994569 1.087437952943592 0.417547772726033
0.399999600000000 1.053897586058787 1.096305643728815 0.423029410769183
0.433332900000000 1.079495558193252 1.086786902293300 0.450315089030441
0.466666200000000 1.097123829254339 1.065987402991991 0.494454000315983
0.499999500000000 1.115463678146653 1.047672520577989 0.537883062355421
0.533332800000000 1.136307932472060 1.034990652913826 0.577129990730732
0.566666100000000 1.155503511968096 1.025747811749181 0.617086543412885
0.599999400000000 1.175797917511297 1.019792814840429 0.650504165376017
0.633332700000000 1.199716737901381 1.013554135495081 0.672403220503871
0.666666000000000 1.223554769218631 1.003987942298183 0.690125270147253
0.699999300000000 1.244265764079642 0.990967646058152 0.709876838595547
0.733332600000000 1.259627453220343 0.971347757083975 0.733652689880554
0.766665900000000 1.271097956561236 0.946715924277143 0.760153222394939
0.799999200000000 1.286791737779340 0.928051919204159 0.784227971204223
0.833332500000000 1.312742363733879 0.921157978485219 0.802945612572179
0.866665800000000 1.346793474325795 0.918737280526646 0.816257304631802
0.899999100000000 1.382860664286479 0.909496735096114 0.825303304976089
0.933332400000000 1.415198781458508 0.891852022461063 0.837765394725631
0.966665700000000 1.443831262210550 0.874871149015017 0.859119388065109
0.999999000000000 1.474303091949880 0.865827237636493 0.883252750942101
1.033332300000000 1.510064423172236 0.870023466649947 0.906938829178079
1.066665600000000 1.549415551772748 0.891275299226401 0.935424748981845
1.099998900000000 1.587302151368835 0.922477120983208 0.971442270452050
1.133332200000000 1.621280261666368 0.950811520478354 1.009949087675842
1.166665500000000 1.657238787982949 0.976174449499236 1.040491100284991
1.199998800000000 1.699735067935300 1.009881570290158 1.058465739070079
1.233332100000000 1.747627243120867 1.062393769794448 1.064306528912764
1.266665400000000 1.794516532566333 1.130117791146291 1.062305923501488
1.299998700000000 1.837509451104640 1.193916623879300 1.057546359408801
1.333332000000000 1.876275198305590 1.244870452116757 1.055896050965198
1.366665300000000 1.909463030720602 1.284637804297025 1.061112323943144
1.399998600000000 1.938531914765239 1.308837452442225 1.075829025743868
1.433331900000000 1.966575176426222 1.314848462207241 1.098462077267879
1.466665200000000 1.994425722683516 1.308014111031821 1.124837450705127
1.499998500000000 2.020152912274195 1.295200442721133 1.161778587229990
1.533331800000000 2.041232541607423 1.279998154475060 1.218612028139846
1.566665100000000 2.059071214530273 1.258311527922413 1.286932664200597
1.599998400000000 2.078912115937984 1.228516278254199 1.346601651550911
1.633331700000000 2.105492521421204 1.205681668588370 1.384258364834980
1.666665000000000 2.136064225271845 1.195854446930613 1.408701989849509
1.699998300000000 2.161839297573717 1.184843077539850 1.435862923408601
