0.000000000000000 0.830512000000000 0.723312000000000 0.007393000000000
0.033333300000000 0.229749421573562 0.450451866956886 -0.913013686176182
0.066666600000000 0.244255414504939 0.455663359272641 -0.895217914969308
0.099999900000000 0.266455692052913 0.463399383710496 -0.873102727878540
0.133333200000000 0.285424958812077 0.473808937076790 -0.854860713179072
0.166666500000000 0.298710341557133 0.480527666454353 -0.837358919432942
0.199999800000000 0.309042912830762 0.480744012984614 -0.817376302212607
0.233333100000000 0.324524813520461 0.478007978088199 -0.793239560481320
0.266666400000000 0.354384150923423 0.478571802306437 -0.765543692541895
0.299999700000000 0.397440675308505 0.485412473994537 -0.738314765147278
0.333333000000000 0.438347491559315 0.492882890879619 -0.713456227268632
0.366666300000000 0.468485507053618 0.493531506694371 -0.688548263698648
0.399999600000000 0.499506626339160 0.489720596178888 -0.660876040355968
0.433332900000000 0.545895257517995 0.488380828056705 -0.628906586198907
0.466666200000000 0.602616602879476 0.490735825822078 -0.593990439623486
0.499999500000000 0.652421196892765 0.493081590859458 -0.561882414789791
0.533332800000000 0.692465848159384 0.493152190917750 -0.532937356927382
0.566666100000000 0.731244071072063 0.491442168509518 -0.502626110742450
0.599999400000000 0.762943614306769 0.487859361075249 -0.474471420322971
0.633332700000000 0.778634955026816 0.483447754031136 -0.455107165993245
0.666666000000000 0.785271888942768 0.480554581155848 -0.442901851469393
0.699999300000000 0.793856787247636 0.481870867525172 -0.433842106260069
0.733332600000000 0.808271209132429 0.491028261423851 -0.426964776741370
0.766665900000000 0.825523144094375 0.505458600040761 -0.420630484187050
0.799999200000000 0.837185371832689 0.514864409585553 -0.412248794500003
0.833332500000000 0.841639456541024 0.516220526999517 -0.403076525320082
0.866665800000000 0.842282669908852 0.513739694433920 -0.395894753714318
0.899999100000000 0.839022562025161 0.510702364434351 -0.389665468358562
0.933332400000000 0.838639903424888 0.509826952372780 -0.378270797577788
0.966665700000000 0.851017595598785 0.513267370874342 -0.361026247963478
0.999999000000000 0.872131696811097 0.520304639738677 -0.342304857803563
1.033332300000000 0.896745167858412 0.527588160310518 -0.320663850004518
1.066665600000000 0.927862327119504 0.529514792894351 -0.291063597387891
1.099998900000000 0.968429179828205 0.522892496945701 -0.251857058761447
1.133332200000000 1.014809133236017 0.512660443784270 -0.206836358310084
1.166665500000000 1.058335017044078 0.506064638112758 -0.163314740946262
1.199998800000000 1.097652621531893 0.506475274503338 -0.126602596734780
1.233332100000000 1.137349735908479 0.511377064662852 -0.094958275734354
1.266665400000000 1.180634872027791 0.513074210096915 -0.060421340613033
1.299998700000000 1.224602951092487 0.510450257016374 -0.021706411179920
1.333332000000000 1.268049100886759 0.507477050188432 0.018773818387890
1.366665300000000 1.312817161433800 0.507285562315791 0.058566077592764
1.399998600000000 1.357993862224402 0.508415093790366 0.094748983796644
1.433331900000000 1.402800847787329 0.506034143807371 0.127655551054029
1.466665200000000 1.449153790060672 0.500890352494094 0.158329733213508
1.499998500000000 1.504122785094534 0.502238286312422 0.186241791307624
1.533331800000000 1.571217828122214 0.513421488123919 0.215815159771066
1.566665100000000 1.639015632817278 0.526434191915977 0.249148941067604
1.599998400000000 1.690324020816812 0.531689121129709 0.280642674616292
1.633331700000000 1.718321723171254 0.527986256531962 0.304051036803669
1.666665000000000 1.732651821035493 0.522259502887296 0.319166733911172
1.699998300000000 1.745242261040977 0.518077615311719 0.332713330573126
