0.000000000000000 -0.164532000000000 0.665636000000000 0.956597000000000
0.033333300000000 0.548039810148813 0.892675574324990 0.350931306568174
0.066666600000000 0.578769704629545 0.860659225315686 0.376987200996451
0.099999900000000 0.614587650251514 0.847164930640652 0.402026872558491
0.133333200000000 0.660129403488483 0.842878417069336 0.417071608505239
0.166666500000000 0.711828836539494 0.845218147539766 0.423895018113602
0.199999800000000 0.764294529089686 0.851082498927165 0.427622641042213
0.233333100000000 0.814180722552919 0.862778784908062 0.434203301248407
0.266666400000000 0.864911308257487 0.896528888808506 0.442389044405233
0.299999700000000 0.919307811199436 0.958072095895757 0.444341038025908
0.333333000000000 0.973382793393375 1.028029206440007 0.436231975359140
0.366666300000000 1.022009450757885 1.087301854144566 0.422971085140790
0.399999600000000 1.061444949321971 1.139615479164941 0.414432746984150
0.433332900000000 1.088924398671193 1.198570677827174 0.417600518391836
0.466666200000000 1.107689039177575 1.256392232837658 0.432215698295716
0.499999500000000 1.128259146407586 1.287373032045959 0.456502067944698
0.533332800000000 1.153532374704740 1.289804629965748 0.490385488699711
0.566666100000000 1.177597670357755 1.286721973707942 0.528259756318697
0.599999400000000 1.201620882674516 1.280875614124591 0.561440984004609
0.633332700000000 1.229042615458160 1.255650799689344 0.591440751488682
0.666666000000000 1.255730762678319 1.210937198982895 0.624636104228920
0.699999300000000 1.277185159179817 1.163494450095353 0.659871817845824
0.733332600000000 1.293316046362768 1.125277005269142 0.694144969316493
0.766665900000000 1.306290858528221 1.090943956052831 0.728498089819929
0.799999200000000 1.319132569369554 1.044072291950976 0.763375758878620
0.833332500000000 1.332524029220053 0.978521939485738 0.796813938495505
0.866665800000000 1.345755686947372 0.901643240355897 0.824954514071558
0.899999100000000 1.360525199013144 0.827133605404557 0.844163420884439
0.933332400000000 1.378166866716896 0.770923362250784 0.860747561893831
0.966665700000000 1.397572553556420 0.734036712131018 0.882744588011148
0.999999000000000 1.419479533336274 0.706288605035387 0.906793753062398
1.033332300000000 1.446332415164691 0.686625189661701 0.931170163521819
1.066665600000000 1.476694779888954 0.677047676086312 0.962509018654809
1.099998900000000 1.509957986469956 0.681948390888702 1.003481633686585
1.133332200000000 1.549509402956545 0.707247304455611 1.046422892837260
1.166665500000000 1.597899275564428 0.747920921046055 1.079586465067738
1.199998800000000 1.652313198233137 0.792792859304604 1.100100733140012
1.233332100000000 1.711942957319653 0.844556253424421 1.110554829759751
1.266665400000000 1.774162633834444 0.914606327414742 1.114705909483593
1.299998700000000 1.832811037320658 0.995191258063662 1.113871226089666
1.333332000000000 1.883262365759315 1.075269624781960 1.111271668888053
1.366665300000000 1.923314078442071 1.152611682659833 1.109886654278878
1.399998600000000 1.953975247358631 1.215545986307935 1.114160250979479
1.433331900000000 1.979479561591104 1.260608266051031 1.123891868696004
1.466665200000000 2.000843516596590 1.301439103258853 1.132592217755901
1.499998500000000 2.015901289096772 1.343486677274878 1.147912849451889
1.533331800000000 2.025500361383652 1.378717663725209 1.184998916010018
1.566665100000000 2.035578613370287 1.397250498567316 1.238514434226242
1.599998400000000 2.053667029147541 1.394898906095810 1.289244839917827
1.633331700000000 2.085501424453471 1.368016834620769 1.330674147477730
1.666665000000000 2.126248393799257 1.314179863100331 1.373856795302752
1.699998300000000 2.160550823059926 1.252915509612075 1.419892950503499
