0.000000000000000 0.853607000000000 0.691718000000000 -0.066419000000000
0.033333300000000 0.176448717444864 0.401353461905354 -0.954584557182555
0.066666600000000 0.189788008378052 0.408593663730610 -0.937615020993731
0.099999900000000 0.211350825897364 0.417275702705894 -0.915715267042349
0.133333200000000 0.229517065185837 0.428070028585214 -0.896837081588080
0.166666500000000 0.241739060081097 0.434691529497303 -0.877770272545222
0.199999800000000 0.250929516605391 0.434500483417169 -0.855640705546837
0.233333100000000 0.265668018273586 0.430965246624759 -0.829331388723844
0.266666400000000 0.295990472145989 0.429293728706928 -0.799331300199290
0.299999700000000 0.341048123458488 0.432099086950355 -0.769255747775428
0.333333000000000 0.384555988316609 0.435146461328228 -0.740892518682509
0.366666300000000 0.416881922880512 0.432220843496282 -0.712167046134785
0.399999600000000 0.450150120765498 0.425400580643808 -0.681041917024960
0.433332900000000 0.499783909333393 0.420940467576112 -0.646379637295942
0.466666200000000 0.560050780831868 0.420556073109833 -0.609570883926238
0.499999500000000 0.611796205991857 0.421603964309009 -0.576725388839544
0.533332800000000 0.651932372367530 0.421710741649226 -0.548199831094619
0.566666100000000 0.690497720662248 0.420270287675625 -0.518565990606406
0.599999400000000 0.721788977025306 0.417029827394511 -0.490880654735981
0.633332700000000 0.735726588023818 0.413902885243048 -0.472490062645310
0.666666000000000 0.739542354166413 0.413359744441672 -0.462225783663087
0.699999300000000 0.745602580678951 0.417251137583961 -0.455650441010786
0.733332600000000 0.758471643641444 0.428578500649793 -0.451456046183294
0.766665900000000 0.774651226521807 0.445090866850235 -0.447972106878863
0.799999200000000 0.784595031039118 0.457378898558794 -0.442405943328822
0.833332500000000 0.786535553321155 0.462711200035084 -0.435941064201820
0.866665800000000 0.784534500513290 0.464801374482046 -0.431249687175218
0.899999100000000 0.778872908300935 0.466126237855300 -0.426743075587164
0.933332400000000 0.776652815108660 0.468630327598939 -0.416221035226511
0.966665700000000 0.787962578397430 0.474513066923618 -0.399781117799819
0.999999000000000 0.808432687265480 0.483555790882752 -0.381950160776349
1.033332300000000 0.832605309668107 0.492261453933377 -0.360886649669271
1.066665600000000 0.863623501423568 0.494749371551092 -0.331616155347074
1.099998900000000 0.904639718256833 0.487426725959951 -0.292512249605362
1.133332200000000 0.952006675601342 0.474909596613241 -0.246967500491218
1.166665500000000 0.996615204427560 0.465097689531003 -0.201942900573872
1.199998800000000 1.036893459315955 0.462319766383116 -0.163186689520655
1.233332100000000 1.077779345623060 0.463762039662568 -0.129074676270512
1.266665400000000 1.123027665425679 0.460943675177351 -0.091139222380448
1.299998700000000 1.169548289177036 0.453484426688920 -0.048232583919360
1.333332000000000 1.215855306161265 0.446147400376206 -0.003457929129825
1.366665300000000 1.263931175496253 0.442068409058134 0.040217793147337
1.399998600000000 1.312372974847614 0.440155249243223 0.079285979574850
1.433331900000000 1.360116504952199 0.435480888251862 0.114236855741571
1.466665200000000 1.409759447949525 0.428124405594850 0.146798074264220
1.499998500000000 1.468650478855976 0.427322325150667 0.175797392888926
1.533331800000000 1.539531691121990 0.436897627296025 0.204867035995535
1.566665100000000 1.609882641945481 0.449135435936467 0.236661252254855
1.599998400000000 1.661792748718815 0.454433404377627 0.266597191241981
1.633331700000000 1.688199362747143 0.451640514446566 0.288438789274561
1.666665000000000 1.699171297515617 0.447903319638828 0.301001196137100
1.699998300000000 1.708132247380421 0.446295386642769 0.311502027096763
