0.000000000000000 -0.161012000000000 1.688552000000000 0.013518000000000
0.033333300000000 -0.228504866323706 1.685211268915396 -0.488492923993282
0.066666600000000 -0.188282129017995 1.687801468649006 -0.437405067299974
0.099999900000000 -0.155130088849638 1.690744366141337 -0.392753543176804
0.133333200000000 -0.128448812978071 1.694148953465439 -0.350554891836951
0.166666500000000 -0.105447167301452 1.695965956161299 -0.313706278875978
0.199999800000000 -0.082880727850991 1.695521211476598 -0.283000186086590
0.233333100000000 -0.061184423024714 1.694138297297585 -0.257421449964125
0.266666400000000 -0.052325481690962 1.691384039447655 -0.237794383333943
0.299999700000000 -0.063777516652082 1.683328362611800 -0.221477344865115
0.333333000000000 -0.082981795911708 1.668870749603264 -0.203442554941574
0.366666300000000 -0.095448403242840 1.652001354820308 -0.183799012869552
0.399999600000000 -0.102174138429296 1.633655822251174 -0.166671557138758
0.433332900000000 -0.108954357586073 1.612207772332081 -0.156645432880609
0.466666200000000 -0.109543632597458 1.591876348525606 -0.152217836511356
0.499999500000000 -0.091536683837262 1.582510596579552 -0.144130503034764
0.533332800000000 -0.055795767325161 1.585501069533404 -0.130788009603559
0.566666100000000 -0.016830615892621 1.590059830504002 -0.117568917515223
0.599999400000000 0.019373126694460 1.593838585824933 -0.101968307052069
0.633332700000000 0.061939979649205 1.606151527957924 -0.079966881164397
0.666666000000000 0.114395093174256 1.626596165013200 -0.053853487897827
0.699999300000000 0.166588789434847 1.645765626365454 -0.025516911285213
0.733332600000000 0.209464043118040 1.661096602775986 0.005719484433768
0.766665900000000 0.247950645357497 1.675513980404165 0.040049481920318
0.799999200000000 0.295451860447771 1.690218041371797 0.077561636881824
0.833332500000000 0.355820186899505 1.701825143066722 0.119577163053855
0.866665800000000 0.420333212487640 1.705471489811057 0.166759313248795
0.899999100000000 0.478270165971729 1.701062701647348 0.216754841437267
0.933332400000000 0.526392227384986 1.695100749231165 0.263969835744014
0.966665700000000 0.570074910565525 1.692519588602014 0.306267563270875
0.999999000000000 0.612637164621502 1.691836968147730 0.346912239229995
1.033332300000000 0.651463204527948 1.690826826799447 0.387543873090064
1.066665600000000 0.686549852823759 1.688487219393973 0.425453548369169
1.099998900000000 0.715391835590200 1.684477411341904 0.456336562269654
1.133332200000000 0.731515672692700 1.679924226111631 0.480248541007678
1.166665500000000 0.737690554711802 1.676367112505141 0.501835515016789
1.199998800000000 0.742734256978921 1.674577092691278 0.524870156101743
1.233332100000000 0.745126879103728 1.672108022248791 0.548245055844918
1.266665400000000 0.738798627311921 1.664964077008504 0.566297163312597
1.299998700000000 0.729532405101979 1.653847897851109 0.580284095901799
1.333332000000000 0.722223766065255 1.641372097272752 0.594275605933964
1.366665300000000 0.714326025944663 1.626365066209506 0.610213646510745
1.399998600000000 0.710832727204603 1.608840972867330 0.628688086658361
1.433331900000000 0.713562783160396 1.587274282894264 0.647959565739363
1.466665200000000 0.714973678557246 1.557730175911864 0.667166413605274
1.499998500000000 0.716252507257358 1.524468980849262 0.685391516589029
1.533331800000000 0.727050284087813 1.497428261873068 0.699506670164246
1.566665100000000 0.751572346244046 1.483121070103027 0.709627220709345
1.599998400000000 0.786524042572460 1.482342199309958 0.721380545523133
1.633331700000000 0.830240399300265 1.493736505380385 0.743918783793330
1.666665000000000 0.885571107728367 1.515912260070881 0.777374234609563
1.699998300000000 0.944604508320575 1.541573221544592 0.808403932479267
