0.000000000000000 0.839336000000000 1.056010000000000 -0.016982000000000
0.033333300000000 0.224992218304520 0.751227284644645 -1.057483345822183
0.066666600000000 0.244157750041654 0.759945879107082 -1.032229109888659
0.099999900000000 0.266817437009052 0.769728767883882 -1.005473961628135
0.133333200000000 0.282243297561065 0.781728593568105 -0.983450488479609
0.166666500000000 0.289759521870299 0.789073634672502 -0.964162848619492
0.199999800000000 0.294011504069224 0.788885294636716 -0.944588638812781
0.233333100000000 0.303064545191650 0.784905783652623 -0.922518948839046
0.266666400000000 0.320567394986167 0.782653647205075 -0.898775219780060
0.299999700000000 0.341635699224673 0.784097544258429 -0.876274878387593
0.333333000000000 0.356705262471271 0.783708018516581 -0.855284523797838
0.366666300000000 0.364558365956300 0.775599029446974 -0.833451679437849
0.399999600000000 0.377146826434772 0.762421811024757 -0.809274430986316
0.433332900000000 0.406556562759087 0.749673606266176 -0.782759687260250
0.466666200000000 0.450101421396342 0.740186306400006 -0.754843100030377
0.499999500000000 0.495152141146770 0.736008676808020 -0.728053684734729
0.533332800000000 0.538413883586713 0.735857197578628 -0.702413697637156
0.566666100000000 0.582414151088701 0.734934526873090 -0.675603144154514
0.599999400000000 0.618817112147603 0.732381724587541 -0.649960057346343
0.633332700000000 0.642836352709785 0.733243505056593 -0.629809296138918
0.666666000000000 0.663061229746118 0.739592428720377 -0.614144131193680
0.699999300000000 0.685884156404209 0.750288193274753 -0.600137017898361
0.733332600000000 0.711243135580043 0.767369219612638 -0.586905929689452
0.766665900000000 0.738050864225158 0.789144689268431 -0.573046818565455
0.799999200000000 0.762988560452306 0.806459558481312 -0.556564634659660
0.833332500000000 0.785426348974177 0.816115717293021 -0.538216917265315
0.866665800000000 0.805094627633112 0.821222842167008 -0.520116776734107
0.899999100000000 0.817800473380709 0.824044373768163 -0.502476576606919
0.933332400000000 0.828714243255476 0.826846747465525 -0.482000744832013
0.966665700000000 0.849354316130416 0.832551114105794 -0.458057622345800
0.999999000000000 0.877031203134470 0.841364617473168 -0.433169977382740
1.033332300000000 0.905527524802087 0.849998681825339 -0.406304398713476
1.066665600000000 0.938059699799692 0.852510271945476 -0.374309599742093
1.099998900000000 0.976765223452500 0.845438269871355 -0.337031591075702
1.133332200000000 1.015329487349570 0.833760048490969 -0.297692044149081
1.166665500000000 1.045682050332063 0.824907296000039 -0.260983713272304
1.199998800000000 1.069823689053681 0.822702722434668 -0.229489425551321
1.233332100000000 1.091444210137781 0.824129425527200 -0.201909828547060
1.266665400000000 1.111621589158693 0.819290354659169 -0.173685739078556
1.299998700000000 1.130921024213747 0.806856460771919 -0.143061228903317
1.333332000000000 1.151446395445793 0.792244926691847 -0.110342509766715
1.366665300000000 1.174845243353454 0.779275118781807 -0.076879084285528
1.399998600000000 1.202599528522213 0.768574869737040 -0.044998804610105
1.433331900000000 1.233977182553836 0.755935701667490 -0.015200119251653
1.466665200000000 1.266762247820126 0.739589883912010 0.013016897847003
1.499998500000000 1.308581670869425 0.728947024599752 0.038841671887606
1.533331800000000 1.367752254782771 0.730480129140018 0.064662214469309
1.566665100000000 1.434791767330336 0.738790471570344 0.092440939965208
1.599998400000000 1.490530027565267 0.744910343625728 0.119462431228550
1.633331700000000 1.526302569485571 0.748170575483722 0.142782674568030
1.666665000000000 1.553177975132079 0.755815795724657 0.162321158795513
1.699998300000000 1.581837761230233 0.766058057187098 0.180514000419023
