0.000000000000000 -0.155223000000000 0.664823000000000 1.017701000000000
0.033333300000000 0.605479422131528 0.898601369498498 0.372990164557533
0.066666600000000 0.636449207924731 0.864981703175313 0.398791061964187
0.099999900000000 0.672483149704288 0.850843114321878 0.423371646820581
0.133333200000000 0.718463612760836 0.846441285983514 0.437207232284956
0.166666500000000 0.770756021159017 0.849003844071163 0.442178146016601
0.199999800000000 0.823806967362600 0.855224830161694 0.443813008821907
0.233333100000000 0.874119712461556 0.867543849435812 0.448543070169930
0.266666400000000 0.925044193987980 0.903240930599803 0.455038231142013
0.299999700000000 0.979299807920553 0.968554111305869 0.454928997866523
0.333333000000000 1.032888927702004 1.042800446111092 0.444096307767091
0.366666300000000 1.080877105907727 1.105528608351642 0.427808630592929
0.399999600000000 1.119493063839383 1.160741419754120 0.416697296676224
0.433332900000000 1.145769768835513 1.222844183237540 0.418247142342638
0.466666200000000 1.163208323036688 1.283569838965550 0.432151593939474
0.499999500000000 1.183070013243978 1.315952504522590 0.456504682379236
0.533332800000000 1.208397029450196 1.318269669202545 0.491178191926690
0.566666100000000 1.232644241658727 1.314784553889638 0.530099290930913
0.599999400000000 1.256886605740551 1.308444335758398 0.564026074303908
0.633332700000000 1.285010098992365 1.281682248847152 0.594760653129445
0.666666000000000 1.312753408324659 1.234364166358090 0.629176199490194
0.699999300000000 1.335081043644511 1.184287600403860 0.665932236177472
0.733332600000000 1.351700142247243 1.144105600209142 0.701747502476549
0.766665900000000 1.364975056228744 1.108057682870665 0.737679730140845
0.799999200000000 1.378241538759446 1.058654782225133 0.774076129260045
0.833332500000000 1.392151230900397 0.989522811392796 0.808838700586557
0.866665800000000 1.405783114571269 0.908685266957311 0.837921202370171
0.899999100000000 1.420822006113553 0.830602267456268 0.857327035807263
0.933332400000000 1.438619468273943 0.771737497877894 0.873625347394313
0.966665700000000 1.458029757971777 0.732999059616145 0.895584641653486
0.999999000000000 1.479868686033094 0.703809951464824 0.919756147375335
1.033332300000000 1.506687449784704 0.683205830100298 0.944077333707686
1.066665600000000 1.537020839565698 0.673285666668547 0.975456260639825
1.099998900000000 1.570243817093510 0.678692347452175 1.016749419030676
1.133332200000000 1.609828574113866 0.705723844219513 1.059850248194204
1.166665500000000 1.658365676415980 0.748977894252409 1.092381561646885
1.199998800000000 1.712935601383134 0.796557134355342 1.111579917568419
1.233332100000000 1.772613377448670 0.851399766745633 1.120213175332811
1.266665400000000 1.834580908258820 0.925442586719701 1.122001431439845
1.299998700000000 1.892588562330794 1.010269457839135 1.118378178878835
1.333332000000000 1.942075070741135 1.094223422629027 1.112955887526030
1.366665300000000 1.980848651493416 1.175195604136375 1.109016809475785
1.399998600000000 2.010160270610015 1.241170268451119 1.111393201589142
1.433331900000000 2.034406587597644 1.288668763371979 1.119811728650203
1.466665200000000 2.054300889455382 1.332016653248215 1.127268688635141
1.499998500000000 2.067616003486333 1.376820888710631 1.141960040907802
1.533331800000000 2.075670523402901 1.414466582060293 1.179901180379999
1.566665100000000 2.084869013965326 1.434418633862010 1.235351619989541
1.599998400000000 2.102936237150958 1.432206352812599 1.287934519565961
1.633331700000000 2.135656472989122 1.404148373594361 1.330690388976179
1.666665000000000 2.178040872676647 1.347883467659913 1.375476489469485
1.699998300000000 2.214056976923918 1.283652003220913 1.423550378573333
