0.000000000000000 -0.146811000000000 1.797016000000000 -0.003846000000000
0.033333300000000 -0.232504795022054 1.777852038724049 -0.549067718122665
0.066666600000000 -0.190949163921804 1.781965482588104 -0.495660046926832
0.099999900000000 -0.157796759843290 1.785797449400935 -0.449546292923377
0.133333200000000 -0.132553517266086 1.789880073405423 -0.406109557739149
0.166666500000000 -0.111841135528972 1.791953504269578 -0.368598214569912
0.199999800000000 -0.091706779631466 1.791321139683804 -0.337882697806882
0.233333100000000 -0.072471799625738 1.789385379707629 -0.312812832321202
0.266666400000000 -0.067848114083293 1.785383894262378 -0.294280584814767
0.299999700000000 -0.086556862991036 1.775038443179506 -0.279252587653766
0.333333000000000 -0.114292500400906 1.757415458874503 -0.262154482498604
0.366666300000000 -0.134201753572115 1.737116937905992 -0.243138139804937
0.399999600000000 -0.147012061316622 1.715162240929321 -0.226787106951109
0.433332900000000 -0.159106602314360 1.689401178868131 -0.218237211110235
0.466666200000000 -0.163566453845487 1.664665569377879 -0.215864362053001
0.499999500000000 -0.146786156196370 1.652891452081351 -0.209411789141873
0.533332800000000 -0.109835836517581 1.655781233260532 -0.197180663264704
0.566666100000000 -0.069009615109930 1.660602815143344 -0.185160740692573
0.599999400000000 -0.031191094898801 1.664731197860637 -0.170416200705279
0.633332700000000 0.013957059789121 1.678957011530772 -0.148264891963988
0.666666000000000 0.070611745616968 1.702815842289889 -0.121241889827905
0.699999300000000 0.127292755173202 1.725521250745103 -0.091565966081885
0.733332600000000 0.173705516408385 1.743913745720558 -0.058547642045341
0.766665900000000 0.215343092821416 1.761225553554205 -0.022062426936887
0.799999200000000 0.267142083645201 1.779075279689388 0.017807441107702
0.833332500000000 0.333249041326538 1.794053690840992 0.062550389994441
0.866665800000000 0.403794915786197 1.800917235188980 0.113054466092134
0.899999100000000 0.466709691763033 1.799139888624335 0.166606690523215
0.933332400000000 0.518293951691424 1.794939213413434 0.216701292534288
0.966665700000000 0.564575885796357 1.793508315725690 0.261116107995018
0.999999000000000 0.609255043157538 1.793763658385297 0.303701978600318
1.033332300000000 0.649313812079899 1.793475290720700 0.345995237014839
1.066665600000000 0.684866973872703 1.791447684700031 0.384662290783797
1.099998900000000 0.713186831416359 1.787172668682740 0.414906642095459
1.133332200000000 0.726854667014570 1.781785762829408 0.437003678956472
1.166665500000000 0.728708202357407 1.777016910790565 0.456486296052926
1.199998800000000 0.728666754027133 1.773932970415328 0.477985907073059
1.233332100000000 0.724977857173432 1.769871550138357 0.500245806405852
1.266665400000000 0.710942751069160 1.759919743115221 0.516546910222760
1.299998700000000 0.693503910881355 1.744772839758175 0.528301231815002
1.333332000000000 0.678669036058794 1.727668352638432 0.540205667799073
1.366665300000000 0.663873384300537 1.707720303017642 0.554504832382198
1.399998600000000 0.654869833005091 1.685727594451877 0.571905893404522
1.433331900000000 0.653439412134871 1.660351091709247 0.590404579380475
1.466665200000000 0.650704572195572 1.626709286617427 0.609037415346505
1.499998500000000 0.648135346163503 1.589158549282361 0.626715045210348
1.533331800000000 0.656979656828943 1.558767120030894 0.639546113119994
1.566665100000000 0.681886329350489 1.542901352030922 0.647677296293474
1.599998400000000 0.718646021580292 1.542490851650620 0.657801231114182
1.633331700000000 0.764856440491007 1.556379217715074 0.680134422741558
1.666665000000000 0.823988673172315 1.583381665146279 0.714739581548059
1.699998300000000 0.888020082743278 1.614300558892565 0.746950263803519
