0.000000000000000 -0.170746000000000 1.721925000000000 -0.016171000000000
0.033333300000000 -0.257853942581951 1.714628773847037 -0.507550400925165
0.066666600000000 -0.217201408128977 1.718214820093260 -0.455533735900830
0.099999900000000 -0.184041540998461 1.721586078208559 -0.410156454097710
0.133333200000000 -0.157798163429861 1.725127900849425 -0.366952028190618
0.166666500000000 -0.135472178509080 1.726863674219084 -0.328995992881347
0.199999800000000 -0.113587304709197 1.726220022717480 -0.297305175419978
0.233333100000000 -0.092566497674282 1.724462034526934 -0.271044297610416
0.266666400000000 -0.084928216498484 1.720574572766791 -0.251020093835487
0.299999700000000 -0.098439257357876 1.710276000901008 -0.234218346178694
0.333333000000000 -0.119892757106685 1.693096031281963 -0.215302625651757
0.366666300000000 -0.134141704426046 1.673837902515279 -0.194566458702458
0.399999600000000 -0.142225023933642 1.653325744917793 -0.176619585932922
0.433332900000000 -0.150167830098498 1.629397852824972 -0.166438105461282
0.466666200000000 -0.151581573825909 1.606645876735982 -0.162445956539020
0.499999500000000 -0.133837462498662 1.596041552804874 -0.154970367276005
0.533332800000000 -0.097887376443249 1.599084332156221 -0.142352350888524
0.566666100000000 -0.058580738067066 1.603928992886080 -0.129999481412379
0.599999400000000 -0.022067289786059 1.608061641868639 -0.115019759168530
0.633332700000000 0.021024006467098 1.621604864056652 -0.093271823530252
0.666666000000000 0.074387888516720 1.644127459704747 -0.067345112323673
0.699999300000000 0.127611843445998 1.665364931418647 -0.039177383749782
0.733332600000000 0.171330414962147 1.682268735452281 -0.007973936099028
0.766665900000000 0.210587929157215 1.698059856363263 0.026423975774686
0.799999200000000 0.259196338673832 1.714587443151511 0.064085213380295
0.833332500000000 0.321136743961085 1.728557915613399 0.106448497138912
0.866665800000000 0.387409685271274 1.734655385654638 0.154338114771254
0.899999100000000 0.446901446768280 1.732335555872221 0.205443048318104
0.933332400000000 0.496172047082789 1.727845252652079 0.253748153357308
0.966665700000000 0.540718285943323 1.726250763483169 0.296762773008690
0.999999000000000 0.583977598951981 1.726318073787054 0.337988886650422
1.033332300000000 0.623222798642208 1.725792556081374 0.379187925675700
1.066665600000000 0.658462119737129 1.723629194843638 0.417325484789855
1.099998900000000 0.687098055427228 1.719369544670549 0.447854483793762
1.133332200000000 0.702383853052826 1.713947921652439 0.471101401746976
1.166665500000000 0.707190529976422 1.709055044433939 0.492286053421219
1.199998800000000 0.710719081844699 1.705809741354377 0.515409894788708
1.233332100000000 0.711391675666078 1.701614371700389 0.539230693153625
1.266665400000000 0.702995022739948 1.692072063824755 0.557741256440453
1.299998700000000 0.691687709263939 1.678181358834797 0.572184306127501
1.333332000000000 0.682642305043427 1.662942972676121 0.586663029468783
1.366665300000000 0.673263835368026 1.645159195951926 0.603098818043606
1.399998600000000 0.668666947663013 1.625178959350405 0.621975350616129
1.433331900000000 0.670616639522703 1.601554485832327 0.641505950473830
1.466665200000000 0.671314108856715 1.569806718432609 0.661006568346964
1.499998500000000 0.671982510401966 1.534105097814597 0.679287646156757
1.533331800000000 0.682486747201634 1.504946181704355 0.692613457781002
1.566665100000000 0.707075467527002 1.489442104649055 0.701259609777392
1.599998400000000 0.742292975678049 1.488632174153084 0.711685482534379
1.633331700000000 0.786335361559495 1.501219276631354 0.733608575192758
1.666665000000000 0.842195739876094 1.525755945878656 0.766809028750169
1.699998300000000 0.902043767016667 1.554120121238435 0.797399241336840
