0.000000000000000 -0.161360000000000 0.816240000000000 0.981582000000000
0.033333300000000 0.576593376555836 1.034934823643559 0.303361598334261
0.066666600000000 0.609653806564379 1.003498829821375 0.332727602687816
0.099999900000000 0.645865330152234 0.990492792737056 0.359662760755491
0.133333200000000 0.690164232654828 0.986789786658755 0.375800308972672
0.166666500000000 0.739751890961187 0.989502355627902 0.382443073003588
0.199999800000000 0.789980726903570 0.995393732838262 0.384840151218407
0.233333100000000 0.837349073510898 1.006918534076993 0.389450051972711
0.266666400000000 0.882672901122298 1.040553402221159 0.394877537133328
0.299999700000000 0.927059465504289 1.101845980669427 0.393499540390639
0.333333000000000 0.969210283966279 1.170736887963837 0.382074940505170
0.366666300000000 1.007481199452216 1.228093441288803 0.365677672176321
0.399999600000000 1.038165941394252 1.277919711387486 0.354051700126186
0.433332900000000 1.057211015142696 1.333607179750567 0.353762463731104
0.466666200000000 1.069102703195709 1.387813981776095 0.364722894004479
0.499999500000000 1.086990955049301 1.416693143980886 0.386579803746375
0.533332800000000 1.113672316249531 1.418979195785136 0.419385831703004
0.566666100000000 1.140122854375155 1.416044292023408 0.456237247117880
0.599999400000000 1.166353156623891 1.410405021556156 0.488679722694954
0.633332700000000 1.197982064824348 1.386688381108312 0.519466652070755
0.666666000000000 1.231494305384134 1.344633670870616 0.554967193570829
0.699999300000000 1.259936634611244 1.299858825614628 0.593365384757389
0.733332600000000 1.281301407728689 1.263992081049798 0.631458288992127
0.766665900000000 1.298750353715215 1.231864843397347 0.670185689372761
0.799999200000000 1.317851323982966 1.187002119164618 0.709660780780242
0.833332500000000 1.339733987275235 1.123050151306496 0.748074894923467
0.866665800000000 1.361891198465776 1.047214181043335 0.781773239604662
0.899999100000000 1.384159258131614 0.973171238230513 0.806343871323042
0.933332400000000 1.407117992851378 0.916988454408404 0.826943758591497
0.966665700000000 1.430323456015930 0.879974108238664 0.851995093211922
0.999999000000000 1.455185676074194 0.852114295116351 0.878940584838932
1.033332300000000 1.483800129144963 0.832441285325742 0.905680689627921
1.066665600000000 1.514787313256112 0.822893205457919 0.938138604440280
1.099998900000000 1.547143034596832 0.827908403470427 0.978405266250383
1.133332200000000 1.583118024794628 0.853620266255442 1.018831361661309
1.166665500000000 1.625617123243766 0.894830531764507 1.048519368656443
1.199998800000000 1.673290383077280 0.940124577404342 1.065907110930828
1.233332100000000 1.724832805119993 0.992119649654283 1.073476687127865
1.266665400000000 1.776519537751640 1.061588848088352 1.073396728201900
1.299998700000000 1.823705633280074 1.140312011850658 1.067256473431103
1.333332000000000 1.863283740611998 1.217511432094443 1.059464338164782
1.366665300000000 1.892944879780052 1.291301580474275 1.053684479076677
1.399998600000000 1.914920202304904 1.350730742785446 1.054867371537003
1.433331900000000 1.933574641214192 1.392618529179272 1.062394673547892
1.466665200000000 1.947887363148403 1.429878052355215 1.069228517863317
1.499998500000000 1.955863646889618 1.468086934370899 1.083212508843735
1.533331800000000 1.960759975777146 1.500279056696986 1.119064282155831
1.566665100000000 1.969728995552893 1.517418825054926 1.171140271764137
1.599998400000000 1.989637128780720 1.515488526404490 1.220876767454947
1.633331700000000 2.025475726068137 1.491052305585727 1.263034920377002
1.666665000000000 2.072901238126617 1.441806751617508 1.309193555554233
1.699998300000000 2.115497609145393 1.385290753145367 1.358550631535892
