0.000000000000000 -0.104159000000000 1.068790000000000 0.020250000000000
0.033333300000000 0.131512042646028 1.123347419810521 -0.036709611763938
0.066666600000000 0.119171802416759 1.120369898996553 -0.042085763705919
0.099999900000000 0.098464762957991 1.120078056305274 -0.056928511445401
0.133333200000000 0.095656447270313 1.119321179414333 -0.058236956780164
0.166666500000000 0.118543788715311 1.116430423859644 -0.035175258932793
0.199999800000000 0.148470249081467 1.111662776895898 -0.007944138851470
0.233333100000000 0.161620423792573 1.109144496903201 0.002186532527548
0.266666400000000 0.154359171669366 1.110256077461830 -0.006378606076198
0.299999700000000 0.139700894668557 1.112395190354637 -0.019189335346272
0.333333000000000 0.138250495633190 1.112350076756364 -0.016641221305344
0.366666300000000 0.162163456368701 1.107505275041158 0.008501168016324
0.399999600000000 0.206968073698924 1.096583815378167 0.045341839899714
0.433332900000000 0.267699447387099 1.078957897841621 0.088033732374989
0.466666200000000 0.346158361677672 1.050857977606584 0.144401900348499
0.499999500000000 0.427791380374533 1.012814435226723 0.218167596859901
0.533332800000000 0.506982945051912 0.971508799935737 0.297735539236820
0.566666100000000 0.601016849710601 0.917955774929976 0.380633401367175
0.599999400000000 0.707610187701351 0.847262122711632 0.464793392221093
0.633332700000000 0.800711521638596 0.799048898742715 0.528440543053651
0.666666000000000 0.866026775079372 0.807114122701327 0.566128098167797
0.699999300000000 0.898552801951893 0.860636925330534 0.589962037967561
0.733332600000000 0.901638316858255 0.938631300515514 0.596071508107267
0.766665900000000 0.883641151208810 1.021341029103863 0.570623614170370
0.799999200000000 0.841114016628389 1.090253550715867 0.519080163373756
0.833332500000000 0.776949790384730 1.127951916225172 0.474684004655868
0.866665800000000 0.732915511590309 1.133422981147666 0.467258598132125
0.899999100000000 0.737190057136110 1.126362683368469 0.490439963776064
0.933332400000000 0.771504264375234 1.119839709134889 0.521247488997021
0.966665700000000 0.822017199893355 1.116214042108103 0.554218185151840
0.999999000000000 0.890570139465687 1.113215920250252 0.604163574679373
1.033332300000000 0.961094048075937 1.105707033059915 0.672291081629020
1.066665600000000 1.005272608064943 1.096358297991890 0.727148734085800
1.099998900000000 1.011096918058914 1.093329614959663 0.742995456923358
1.133332200000000 0.995264051902629 1.095757799885850 0.729175187075624
1.166665500000000 0.983655461371149 1.097410118737055 0.717475711851687
1.199998800000000 0.983702362620286 1.096366972746060 0.721455307206215
1.233332100000000 0.987132148009495 1.094068124240935 0.734652775707289
1.266665400000000 0.998165617192111 1.091090842527618 0.757705320813512
1.299998700000000 1.032204727468901 1.083704125040258 0.799369889520823
1.333332000000000 1.094736069592760 1.066357790666386 0.857182308447799
1.366665300000000 1.168915954803607 1.038294677065709 0.917737229169198
1.399998600000000 1.228317358656445 1.008355681600038 0.967582950849345
1.433331900000000 1.257302610696654 0.990362587115992 0.995098595461925
1.466665200000000 1.262323173190671 0.988074919352827 1.000020435625349
1.499998500000000 1.267868538849577 0.987394776368034 1.006801425948337
1.533331800000000 1.290535340875986 0.978152682579406 1.035671115506781
1.566665100000000 1.336966893127459 0.963847618857580 1.075225224994032
1.599998400000000 1.417440589285766 0.937908638442868 1.121074154271079
1.633331700000000 1.519896921705746 0.891930003413202 1.183127015103159
1.666665000000000 1.604633537302658 0.850385717171600 1.254711130043384
1.699998300000000 1.648788859487151 0.850120360260710 1.319398529420128
