0.000000000000000 0.838316000000000 1.343430000000000 -0.014492000000000
0.033333300000000 0.393556440248504 0.997277127590235 -1.052107540768389
0.066666600000000 0.408439073006211 1.008184536328545 -1.029888830699176
0.099999900000000 0.425562069012132 1.020985865244521 -1.006700693250131
0.133333200000000 0.433570314051741 1.036897476742129 -0.990323361731102
0.166666500000000 0.431663713719561 1.048626609875921 -0.980001183233666
0.199999800000000 0.426522565709586 1.051998311865927 -0.970799449282828
0.233333100000000 0.428423250069257 1.050224550603823 -0.957354961122269
0.266666400000000 0.441963529416589 1.049484500963319 -0.938284687648693
0.299999700000000 0.459423147831998 1.053148029839530 -0.917658380218244
0.333333000000000 0.468007471969951 1.055785525173312 -0.900319669554073
0.366666300000000 0.468560760733213 1.049955621445897 -0.885221525499581
0.399999600000000 0.477240990096359 1.037685588472533 -0.866943790291512
0.433332900000000 0.508670997376914 1.024801618658611 -0.842092410708539
0.466666200000000 0.558597799654546 1.014334642543060 -0.812191210818811
0.499999500000000 0.609987233072008 1.008816196211408 -0.782338036374417
0.533332800000000 0.658545676599133 1.007154803242745 -0.753647373194693
0.566666100000000 0.707140747984129 1.004751675567444 -0.724006292351327
0.599999400000000 0.746772681753100 1.000942767510875 -0.696931184760789
0.633332700000000 0.773892372764480 1.000189259436700 -0.676112626693966
0.666666000000000 0.798039038997930 1.004450121092377 -0.658554139395841
0.699999300000000 0.824707320924646 1.013343730299352 -0.640482381623794
0.733332600000000 0.854115451016443 1.029011842284924 -0.619948015403882
0.766665900000000 0.885482107318445 1.049138367533021 -0.596611333425361
0.799999200000000 0.914021433363101 1.064521663757888 -0.573129133233245
0.833332500000000 0.937266836459320 1.073001105315772 -0.552031063703916
0.866665800000000 0.955037220300840 1.078095285601514 -0.533235957170899
0.899999100000000 0.965764378749487 1.081014253368440 -0.515074413996046
0.933332400000000 0.977154766473056 1.082941175805363 -0.493250148538077
0.966665700000000 0.999654752939415 1.087307752766164 -0.466617357295141
0.999999000000000 1.027857545954098 1.095553666274582 -0.438833533097530
1.033332300000000 1.053753877230702 1.105310844049413 -0.410794275702806
1.066665600000000 1.080033528878011 1.110776662783705 -0.380439859547364
1.099998900000000 1.110752518190693 1.107362047173644 -0.347162299229602
1.133332200000000 1.142370412046529 1.098875041294076 -0.312443648897055
1.166665500000000 1.166519247320071 1.092874469566877 -0.280711169516203
1.199998800000000 1.182198245814158 1.094059926821706 -0.254953326590382
1.233332100000000 1.190000107909341 1.100031490431226 -0.234783683528642
1.266665400000000 1.192257150879064 1.099596322125694 -0.216893856477579
1.299998700000000 1.194976976851654 1.089636508954641 -0.197952615963794
1.333332000000000 1.202731415907508 1.075745524285172 -0.176068044282243
1.366665300000000 1.216138193263077 1.062797671362998 -0.151359376833543
1.399998600000000 1.237246798099336 1.052031123680640 -0.125107981201496
1.433331900000000 1.265538538719989 1.039422849052355 -0.098487530782433
1.466665200000000 1.297105986722064 1.023370210795892 -0.072126640609700
1.499998500000000 1.339023051166247 1.013834174817823 -0.045240524297756
1.533331800000000 1.400518168967349 1.017236988035891 -0.014449877079825
1.566665100000000 1.473350854851659 1.027274795104244 0.020617660598942
1.599998400000000 1.537849469789089 1.034064985072943 0.054533577677674
1.633331700000000 1.580098400842161 1.037055998949485 0.082134560582938
1.666665000000000 1.609145675942955 1.044404721288949 0.105084015527199
1.699998300000000 1.641140282791700 1.054115260907917 0.127511757259511
