0.000000000000000 -0.167624000000000 0.726857000000000 0.960435000000000
0.033333300000000 0.551987309410831 0.950989336645486 0.332057428454888
0.066666600000000 0.583677980704975 0.919338187472528 0.359523122171623
0.099999900000000 0.619664473723434 0.906075573680338 0.385411651278832
0.133333200000000 0.664714439398025 0.901999685304656 0.401072912826854
0.166666500000000 0.715580914021679 0.904444510833293 0.408068932651783
0.199999800000000 0.767175020102867 0.910283257381500 0.411520806385300
0.233333100000000 0.816076056792488 0.921859571294154 0.417524758763211
0.266666400000000 0.864640454477201 0.955369997008133 0.424783610311356
0.299999700000000 0.915019638673259 1.016409324567102 0.425614551220830
0.333333000000000 0.964355835921539 1.085476100867373 0.416466603911764
0.366666300000000 1.008920666434604 1.143626244080595 0.402269670016582
0.399999600000000 1.044944277138885 1.194660966553360 0.392752894583918
0.433332900000000 1.069116143729881 1.251995017374721 0.394670656044770
0.466666200000000 1.085169782592831 1.308076326001747 0.407844894883698
0.499999500000000 1.104667529953254 1.338077455230847 0.431109199100976
0.533332800000000 1.130461234612889 1.340474113249107 0.464450577726128
0.566666100000000 1.155425495958929 1.337507883536089 0.501774217773289
0.599999400000000 1.180290705752458 1.331813134958987 0.534558077499319
0.633332700000000 1.209353900578590 1.307370313861999 0.564799646991807
0.666666000000000 1.238720139267300 1.264004028350418 0.598812480438338
0.699999300000000 1.262924990141978 1.217895870161828 0.635185165977535
0.733332600000000 1.281117078323652 1.180787635329158 0.670863023660283
0.766665900000000 1.295854272183025 1.147463211581413 0.706842708555582
0.799999200000000 1.311182269860083 1.101620098295882 0.743442251828263
0.833332500000000 1.327977329123781 1.037057061365529 0.778778740745477
0.866665800000000 1.344817917946549 0.960973828201331 0.809101945953299
0.899999100000000 1.362651808582935 0.886976163633655 0.830501544233819
0.933332400000000 1.382487336000753 0.831009673690013 0.848777987819411
0.966665700000000 1.403459329660803 0.794228126121845 0.872037529690502
0.999999000000000 1.426581198805000 0.766546580681486 0.897262706055651
1.033332300000000 1.454162621472249 0.746939668843225 0.922617209690389
1.066665600000000 1.484781274795242 0.737391067183558 0.954410543488742
1.099998900000000 1.517659419581885 0.742296951383756 0.995053093393073
1.133332200000000 1.555730289524656 0.767610331094636 1.036940932807736
1.166665500000000 1.601716055400710 0.808256629560756 1.068754309834707
1.199998800000000 1.653409440230101 0.853027213193945 1.088145609436802
1.233332100000000 1.709801563887853 0.904563097606049 1.097635844422347
1.266665400000000 1.767830641798485 0.973982400106531 1.100329212451386
1.299998700000000 1.821955946201036 1.053422581490198 1.097636048907824
1.333332000000000 1.868149435422913 1.131996967108228 1.093218586262973
1.366665300000000 1.904151598788564 1.207581464988420 1.090305543607764
1.399998600000000 1.931438087907110 1.268818643241537 1.093510845227029
1.433331900000000 1.954286559931099 1.312365957261216 1.102473282542554
1.466665200000000 1.972927478006489 1.351503831501506 1.110535029805303
1.499998500000000 1.985246135284286 1.391697859122965 1.125368558854410
1.533331800000000 1.992991354815089 1.425402110827612 1.161846623347302
1.566665100000000 2.002577285922677 1.443171650440022 1.214546502601268
1.599998400000000 2.021309591454517 1.440947708501672 1.264652062350360
1.633331700000000 2.054651547975153 1.415167748064129 1.306232829351876
1.666665000000000 2.097949015611752 1.363418977311366 1.350469692216110
1.699998300000000 2.135433615372028 1.304360697407668 1.397648408523021
