0.000000000000000 -0.155057000000000 1.733296000000000 -0.054938000000000
0.033333300000000 -0.283062818828683 1.713485505937679 -0.542785754589693
0.066666600000000 -0.242651842780541 1.718404574578107 -0.490613131851758
0.099999900000000 -0.209803626538617 1.722447456755985 -0.444997487759467
0.133333200000000 -0.184307927407350 1.726349230317219 -0.401216666218604
0.166666500000000 -0.163068557364376 1.728111153591524 -0.362390727800048
0.199999800000000 -0.142346350671983 1.727231318416118 -0.329712261177885
0.233333100000000 -0.122301933167093 1.724959661817449 -0.302570174190340
0.266666400000000 -0.115489206232241 1.719720736755887 -0.281738516997487
0.299999700000000 -0.129827068198577 1.706984894827154 -0.263921857796665
0.333333000000000 -0.152142467269472 1.686975484816149 -0.243601384571117
0.366666300000000 -0.167194458745815 1.665210581389380 -0.221238717944366
0.399999600000000 -0.175716842707050 1.642405214667894 -0.201865669694768
0.433332900000000 -0.183418517595757 1.615962167067254 -0.190773240147154
0.466666200000000 -0.184080829356937 1.590852977606120 -0.186377261935988
0.499999500000000 -0.165699660312633 1.579051833497659 -0.178938563689699
0.533332800000000 -0.129395545852413 1.582082093483195 -0.166775368547873
0.566666100000000 -0.089718236194134 1.587110144716051 -0.155017618985355
0.599999400000000 -0.052993159886722 1.591480533584579 -0.140455601155560
0.633332700000000 -0.010103111054047 1.606082407073725 -0.119126814055062
0.666666000000000 0.042945368049905 1.630529966334591 -0.093893195714804
0.699999300000000 0.096067830570226 1.653835490804944 -0.066570300750864
0.733332600000000 0.139921595471125 1.672514696049164 -0.036199269126342
0.766665900000000 0.179446717701159 1.690006433840860 -0.002622400689941
0.799999200000000 0.228291702666255 1.708663553485780 0.034283608466005
0.833332500000000 0.290435001803623 1.725323228639619 0.076030336779048
0.866665800000000 0.356913563823045 1.734353608775987 0.123544931137041
0.899999100000000 0.416461056902567 1.734731667585563 0.174686488619715
0.933332400000000 0.465684616059576 1.732266911230574 0.223263892893585
0.966665700000000 0.510347478404580 1.732108475948181 0.266404480811635
0.999999000000000 0.553812486585767 1.733357087869782 0.307676464647606
1.033332300000000 0.593144378894153 1.733687407796141 0.349000434344659
1.066665600000000 0.628450048653231 1.731870027796521 0.387164435197745
1.099998900000000 0.657179270156470 1.727213702599905 0.417495627996786
1.133332200000000 0.672345548313880 1.720509681301107 0.440556873436273
1.166665500000000 0.676615616621034 1.713808920273964 0.461939719395374
1.199998800000000 0.679353783062500 1.708754938357394 0.485646351687847
1.233332100000000 0.679094527263386 1.702556354134485 0.510345895679030
1.266665400000000 0.669732998131752 1.690214076196197 0.530019238982556
1.299998700000000 0.657622454448540 1.673065130881083 0.545883977671613
1.333332000000000 0.648077377886157 1.654638402592529 0.561871406340408
1.366665300000000 0.638568617508940 1.633816454746617 0.579734128217718
1.399998600000000 0.634166607381957 1.611315975249846 0.599707237913905
1.433331900000000 0.636490140426409 1.585687307951581 0.620013175489397
1.466665200000000 0.637733661363478 1.551907307067215 0.640263153249003
1.499998500000000 0.639329502403197 1.514168047088034 0.658925432918536
1.533331800000000 0.651180009758339 1.483465991380347 0.671713355740558
1.566665100000000 0.677113610153640 1.467244522605315 0.679171624238876
1.599998400000000 0.713090144455406 1.466555851428325 0.688487308586111
1.633331700000000 0.757000231628084 1.480176160243610 0.709630208784701
1.666665000000000 0.812201251301222 1.506820520731221 0.741907121581885
1.699998300000000 0.871558310093500 1.537670798669407 0.771353486323675
