0.000000000000000 -0.167624000000000 1.726857000000000 -0.039565000000000
0.033333300000000 -0.276322141677809 1.714335486455987 -0.523048476568999
0.066666600000000 -0.235770544199642 1.718643519933226 -0.470907549547299
0.099999900000000 -0.202744934361294 1.722349157855843 -0.425353543627190
0.133333200000000 -0.176826793316062 1.726029245567048 -0.381732067647737
0.166666500000000 -0.154967563206371 1.727733961774376 -0.343156618541103
0.199999800000000 -0.133572585395318 1.726949707823770 -0.310773911795104
0.233333100000000 -0.112956196014854 1.724913010875726 -0.283905384886121
0.266666400000000 -0.105655528718555 1.720236537696144 -0.263333298309657
0.299999700000000 -0.119479415967065 1.708465603469563 -0.245853849212099
0.333333000000000 -0.141207143178377 1.689586474247556 -0.226013867400925
0.366666300000000 -0.155670069068949 1.668880220995851 -0.204225736820109
0.399999600000000 -0.163806875061437 1.647086877741567 -0.185374640601803
0.433332900000000 -0.171517086771968 1.621755416712916 -0.174632808248050
0.466666200000000 -0.172503716649586 1.597692100271637 -0.170411166560872
0.499999500000000 -0.154450179550601 1.586433530923612 -0.162979896304972
0.533332800000000 -0.118388869554997 1.589492923647310 -0.150661647309049
0.566666100000000 -0.078982015018351 1.594471976404005 -0.138700256206312
0.599999400000000 -0.042426176980964 1.598773687804209 -0.123997529798377
0.633332700000000 0.000504697346838 1.612949084844369 -0.102512287991275
0.666666000000000 0.053627551372640 1.636584294471562 -0.077012573413795
0.699999300000000 0.106712631314927 1.658984356144407 -0.049368651358388
0.733332600000000 0.150424086066394 1.676830485331972 -0.018683818999022
0.766665900000000 0.189744864198239 1.693492191453221 0.015196606341669
0.799999200000000 0.238398144106877 1.711176472318866 0.052374059520238
0.833332500000000 0.300373846842229 1.726672867900740 0.094336542616507
0.866665800000000 0.366708932108042 1.734438697199667 0.141977588545061
0.899999100000000 0.426229325520122 1.733636490284874 0.193101179871413
0.933332400000000 0.475500088257292 1.730277540399268 0.241578320218276
0.966665700000000 0.520113240122459 1.729478195617558 0.284664570144711
0.999999000000000 0.563473812419301 1.730183930513330 0.325905814458542
1.033332300000000 0.602767017954967 1.730101947306711 0.367173728751123
1.066665600000000 0.638037597695568 1.728111027461894 0.405321201397844
1.099998900000000 0.666702509688641 1.723633449893153 0.435722230487889
1.133332200000000 0.681915160611720 1.717489279381807 0.458860398553444
1.166665500000000 0.686478573998532 1.711551244855747 0.480197438652599
1.199998800000000 0.689676486696046 1.707235518820801 0.503725413969000
1.233332100000000 0.689983872584109 1.701837315356883 0.528139840736896
1.266665400000000 0.681248342554522 1.690665256904159 0.547423623998803
1.299998700000000 0.669718205957329 1.674944869258801 0.562791926041210
1.333332000000000 0.660610412961179 1.657959472724745 0.578230283563042
1.366665300000000 0.651347456660658 1.638516172122770 0.595556051789737
1.399998600000000 0.646994582635931 1.617149147274987 0.615106474713452
1.433331900000000 0.649241668074118 1.592415131287710 0.635108018145336
1.466665200000000 0.650328359817608 1.559530495304646 0.655061123074159
1.499998500000000 0.651555688767197 1.522642655812820 0.673568544369130
1.533331800000000 0.662730866548681 1.492522266120826 0.686555219984445
1.566665100000000 0.687893933552246 1.476515106284942 0.694454302167187
1.599998400000000 0.723365804786296 1.475719833934383 0.704176526807324
1.633331700000000 0.767232527179025 1.488870493544139 0.725612324890445
1.666665000000000 0.822633646847621 1.514559005287308 0.758247265979616
1.699998300000000 0.882073584601312 1.544295852352940 0.788124204993895
