0.000000000000000 0.895841000000000 0.480695000000000 0.020250000000000
0.033333300000000 0.743076665728762 0.604758189621917 -0.872347106903797
0.066666600000000 0.761420553764808 0.599558828727241 -0.851574286165923
0.099999900000000 0.776647754226561 0.596240376179307 -0.833286414144674
0.133333200000000 0.789888643869022 0.595428991935060 -0.817898139719290
0.166666500000000 0.803053352691518 0.594064207073799 -0.804872041661134
0.199999800000000 0.816590004849255 0.588253025861627 -0.793802861592877
0.233333100000000 0.829184921049116 0.578838980509974 -0.784531305089345
0.266666400000000 0.839582462004751 0.569294618053203 -0.776219280151226
0.299999700000000 0.848527518690482 0.563007694416247 -0.767010656615584
0.333333000000000 0.857871112194294 0.559995596837105 -0.756002624062268
0.366666300000000 0.870039183180445 0.556668273481953 -0.743026009558961
0.399999600000000 0.886260076496835 0.550090967634314 -0.728342173907002
0.433332900000000 0.905957361171332 0.539474089327467 -0.712998575128213
0.466666200000000 0.928361611530505 0.526891933597763 -0.696727504865425
0.499999500000000 0.952349829102715 0.516833206278201 -0.678698794586145
0.533332800000000 0.980369532840425 0.509542714897242 -0.655931447768318
0.566666100000000 1.016357698834447 0.502073431681924 -0.624862630184132
0.599999400000000 1.059142603320262 0.498105722774794 -0.588531319773743
0.633332700000000 1.104764554077454 0.502749093846319 -0.553629595867735
0.666666000000000 1.152639083249196 0.513004650662320 -0.519179015178316
0.699999300000000 1.201395739202828 0.524190389284269 -0.481536594934350
0.733332600000000 1.246129545486360 0.536601892465972 -0.443650437211888
0.766665900000000 1.285560031688592 0.550588739192447 -0.407791908012304
0.799999200000000 1.322269526120815 0.564516791548004 -0.372545962217196
0.833332500000000 1.357588024144758 0.574686692609266 -0.338376023777222
0.866665800000000 1.388499342116474 0.574743885157293 -0.310732298317467
0.899999100000000 1.410892606201191 0.565528972676940 -0.294609248323463
0.933332400000000 1.429011242564767 0.558558815047150 -0.283695426050037
0.966665700000000 1.454018020655770 0.563031547498682 -0.266036682451156
0.999999000000000 1.487220030157316 0.576063210422164 -0.239757394221258
1.033332300000000 1.521498687419711 0.590868574752449 -0.209330096359889
1.066665600000000 1.555982321130422 0.604210977729955 -0.175079461895596
1.099998900000000 1.589193720215689 0.613082074642234 -0.141107660397138
1.133332200000000 1.613969708845822 0.616323149595735 -0.116217331642415
1.166665500000000 1.629096495320580 0.616309311016696 -0.101085259112749
1.199998800000000 1.640125440940292 0.615357690789076 -0.089736433413681
1.233332100000000 1.647996277914746 0.614851243171212 -0.080406210571089
1.266665400000000 1.653784413673964 0.614395223258097 -0.072367030539329
1.299998700000000 1.662720403649008 0.611852760401284 -0.063384635293429
1.333332000000000 1.674946273697956 0.610582428345704 -0.053514524371265
1.366665300000000 1.685114220085184 0.614694057851445 -0.044715383848575
1.399998600000000 1.694566626403237 0.619065042942892 -0.035412118971102
1.433331900000000 1.707901691353396 0.616244793159541 -0.023481507163206
1.466665200000000 1.725889663426131 0.606010383021182 -0.008560094160158
1.499998500000000 1.750667105262878 0.590784348861179 0.013236972404678
1.533331800000000 1.781962264348334 0.572224396808839 0.043090118838561
1.566665100000000 1.816721635548244 0.552465062493477 0.076344744851194
1.599998400000000 1.855720420520274 0.535443741916614 0.111549138610664
1.633331700000000 1.903276054353638 0.523592235525178 0.153886572268846
1.666665000000000 1.967538677142267 0.511041268248352 0.213855710719252
1.699998300000000 2.046988824756838 0.491101769254201 0.296129884889930
