0.000000000000000 -0.161684000000000 2.343430000000000 -0.014492000000000
0.033333300000000 0.457087400243386 2.152191710153984 -0.238390068850935
0.066666600000000 0.469572766557463 2.163105729070908 -0.215997124102198
0.099999900000000 0.477580935527005 2.178797095257818 -0.196288950256729
0.133333200000000 0.478002453405566 2.198969172456613 -0.185577961612711
0.166666500000000 0.469726236782707 2.221106224615452 -0.190163986491002
0.199999800000000 0.461474947204912 2.238751917837088 -0.202428308659853
0.233333100000000 0.462988555153041 2.249640546994535 -0.208885518000815
0.266666400000000 0.477456617860751 2.254945568646450 -0.199634665667415
0.299999700000000 0.492380691005895 2.258427759275326 -0.178595071590954
0.333333000000000 0.495045191208514 2.263124320749835 -0.164383534801737
0.366666300000000 0.494279861699103 2.265841885107742 -0.163446545548111
0.399999600000000 0.507264561198454 2.262629734579635 -0.160820271283526
0.433332900000000 0.544748721092423 2.253733366526573 -0.143218203906125
0.466666200000000 0.600862301607808 2.242805748610894 -0.112854057915354
0.499999500000000 0.657708579082914 2.234942657226911 -0.079247306288674
0.533332800000000 0.710525080402941 2.230750692162469 -0.046461936269588
0.566666100000000 0.759331659610383 2.227246042675927 -0.014933918660425
0.599999400000000 0.800207609541465 2.223989169194667 0.011095797649189
0.633332700000000 0.838627601988378 2.222123234722234 0.032891400191792
0.666666000000000 0.879554796153594 2.221193233537769 0.057610213006625
0.699999300000000 0.919133599462589 2.220168447533133 0.090720585954346
0.733332600000000 0.957549238970855 2.218157538373260 0.138493785253222
0.766665900000000 0.996901956761358 2.214544107328578 0.196745508608341
0.799999200000000 1.033662011253333 2.211117367418304 0.246019464073477
0.833332500000000 1.061933605462255 2.210533996219294 0.278918464738724
0.866665800000000 1.080904684935475 2.210188849802012 0.304929625063460
0.899999100000000 1.099012134403352 2.204627134102184 0.333299990298675
0.933332400000000 1.127078926589698 2.194376614416618 0.368279892732873
0.966665700000000 1.162952878519434 2.185782935351623 0.408988715905529
0.999999000000000 1.195416810337612 2.182799168940002 0.449885269366486
1.033332300000000 1.215622387549289 2.187398642550817 0.485243994518743
1.066665600000000 1.220972564550644 2.199666866738825 0.510881806269329
1.099998900000000 1.218857631808665 2.213578470856030 0.527250937395391
1.133332200000000 1.219668413295361 2.223378411543658 0.541674135310877
1.166665500000000 1.223519339681380 2.231872751400408 0.555610481196647
1.199998800000000 1.219965512901550 2.245453854776703 0.565330560978497
1.233332100000000 1.195868678234847 2.265508738886611 0.566233384463795
1.266665400000000 1.155039621814066 2.284582856705033 0.554093671564181
1.299998700000000 1.120777220675188 2.296012292299585 0.536316997694721
1.333332000000000 1.102617926004121 2.301524981739971 0.522102429757717
1.366665300000000 1.094032848041495 2.303538350316019 0.516212980487755
1.399998600000000 1.097493358644455 2.301746677826468 0.521946892736194
1.433331900000000 1.115279313541272 2.294233680154436 0.536234411013812
1.466665200000000 1.140906225675548 2.281167075911009 0.555207943767406
1.499998500000000 1.172374119529501 2.268983723450761 0.584702127180030
1.533331800000000 1.213202884414582 2.262877162808140 0.628429224436376
1.566665100000000 1.267927464923649 2.261281433094532 0.680184827964323
1.599998400000000 1.333871081060348 2.260010704974013 0.729403868020846
1.633331700000000 1.389371246118354 2.258528781039201 0.768885894811689
1.666665000000000 1.426269571100301 2.259637582503501 0.804916440684730
1.699998300000000 1.465180954431016 2.262326534688862 0.841138993757308
