0.000000000000000 -0.126623000000000 0.737658000000000 1.040118000000000
0.033333300000000 0.641810425595521 0.959765407819680 0.333437191930302
0.066666600000000 0.673655531056205 0.926423662592598 0.360502758791656
0.099999900000000 0.709685065978016 0.912658892010079 0.385685494570567
0.133333200000000 0.754704949284802 0.908804746743475 0.399487434229699
0.166666500000000 0.805436808794070 0.911759025911499 0.403649598191247
0.199999800000000 0.856780325459926 0.918051672930816 0.403926108937264
0.233333100000000 0.905341736665495 0.930289089716687 0.407146947855067
0.266666400000000 0.953316381184272 0.966199219210870 0.411883205257031
0.299999700000000 1.002462030781230 1.032125392949815 0.409678331842238
0.333333000000000 1.049806490072132 1.106690405623359 0.396585379855991
0.366666300000000 1.092101333718278 1.168984876582238 0.378081998810159
0.399999600000000 1.125922264953240 1.223258272858272 0.364969857526535
0.433332900000000 1.147967340577304 1.284084276847006 0.364672516176715
0.466666200000000 1.162282417602195 1.343349043290714 0.376915657567360
0.499999500000000 1.181148749190181 1.374814469625402 0.400317524424621
0.533332800000000 1.207506966237306 1.376949881628502 0.434775533058126
0.566666100000000 1.233317422078497 1.373357222381440 0.473581962780834
0.599999400000000 1.258899875911215 1.366910290296270 0.507430157081493
0.633332700000000 1.289135554052272 1.340536725652136 0.538684363902216
0.666666000000000 1.320238843780776 1.294073057730392 0.574365294871407
0.699999300000000 1.346071036755443 1.244995187994975 0.612835831663745
0.733332600000000 1.365406134397433 1.205976619984253 0.650663824054180
0.766665900000000 1.381070411322134 1.171183453849245 0.688879159776517
0.799999200000000 1.397521942759850 1.122685749884629 0.727667936066250
0.833332500000000 1.415558209145314 1.053955448891771 0.764952852202745
0.866665800000000 1.433381374590428 0.973225841093045 0.796711136518639
0.899999100000000 1.451739999472128 0.895110144890435 0.818491092786979
0.933332400000000 1.471756022943218 0.836118600541211 0.836443879458681
0.966665700000000 1.492827246746101 0.797260178499459 0.859736873398469
0.999999000000000 1.516025349044397 0.768047930930891 0.885236629630389
1.033332300000000 1.543618061536061 0.747553758373116 0.910597591225600
1.066665600000000 1.574251870570421 0.737727148174383 0.942493176657008
1.099998900000000 1.607183651544039 0.743193380857530 0.983575870003389
1.133332200000000 1.645229450112354 0.770526569947448 1.025604023765396
1.166665500000000 1.690919189669407 0.814318887575717 1.056378195123191
1.199998800000000 1.742011413705799 0.862510236433912 1.073761871623665
1.233332100000000 1.797403715750520 0.918013328677997 1.080545913833837
1.266665400000000 1.853783756930990 0.992321703115616 1.079765735470537
1.299998700000000 1.905653248110601 1.076599098778525 1.073044836800155
1.333332000000000 1.949286618274075 1.159330943026771 1.064640015361501
1.366665300000000 1.982537273244072 1.238755467344740 1.058196423626775
1.399998600000000 2.007322674552537 1.303250556238897 1.058825101099144
1.433331900000000 2.028074683519141 1.349435160877353 1.066027241308303
1.466665200000000 2.044395793162257 1.391354350885858 1.072438533974052
1.499998500000000 2.054315320485042 1.434844431737697 1.086446264236733
1.533331800000000 2.060607030005255 1.471753146610001 1.124073230341065
1.566665100000000 2.070109847705267 1.491652473499212 1.179388473851292
1.599998400000000 2.089778549007296 1.489883944979795 1.232027547595959
1.633331700000000 2.124786107086424 1.462902925069338 1.275416914866840
1.666665000000000 2.170620742063385 1.408648178314843 1.321829394703221
1.699998300000000 2.211003752232672 1.346422781255687 1.371821022511703
