0.000000000000000 0.849945000000000 0.709308000000000 -0.061560000000000
0.033333300000000 0.179435202362121 0.419669069549022 -0.956015554966881
0.066666600000000 0.193104725862171 0.426880921455514 -0.938616620228441
0.099999900000000 0.214759737331614 0.435557912142648 -0.916469167529227
0.133333200000000 0.232867862419045 0.446368546237306 -0.897440509966151
0.166666500000000 0.244969857786116 0.453011267467016 -0.878384164294440
0.199999800000000 0.254040053084027 0.452835000624108 -0.856415346046249
0.233333100000000 0.268599835609889 0.449316987679497 -0.830354097453356
0.266666400000000 0.298357577506277 0.447703851404641 -0.800706929159457
0.299999700000000 0.342280128746145 0.450582676392625 -0.771063411605950
0.333333000000000 0.384443190325175 0.453622346258188 -0.743141335631038
0.366666300000000 0.415634050432218 0.450597117261365 -0.714847187449785
0.399999600000000 0.447923517858470 0.443615779724627 -0.684152811653500
0.433332900000000 0.496522703008424 0.438911287387841 -0.649963242183421
0.466666200000000 0.555870587232656 0.438230015030991 -0.613643494029357
0.499999500000000 0.607207841545184 0.439099511199193 -0.581116462204134
0.533332800000000 0.647452854893325 0.439201272719341 -0.552721333048588
0.566666100000000 0.686239088845428 0.437784251219157 -0.523208582507147
0.599999400000000 0.717755693473739 0.434573334465044 -0.495612133036484
0.633332700000000 0.732215173435509 0.431588116646933 -0.477108588685082
0.666666000000000 0.736883652748993 0.431272453105384 -0.466526216392771
0.699999300000000 0.743793887785319 0.435366934825429 -0.459520206448892
0.733332600000000 0.757274078164580 0.446846571038692 -0.454813477440100
0.766665900000000 0.773957465903643 0.463481827181880 -0.450750345618688
0.799999200000000 0.784633174142673 0.475863715823487 -0.444582785081905
0.833332500000000 0.787596064897726 0.481230114300212 -0.437474839233480
0.866665800000000 0.786685818163051 0.483270847899094 -0.432073670360843
0.899999100000000 0.781970718466601 0.484478618235073 -0.426890018952549
0.933332400000000 0.780442764110653 0.486849516792107 -0.415866076173632
0.966665700000000 0.792227804480201 0.492615447688826 -0.399046351106063
0.999999000000000 0.813051902635386 0.501552892358319 -0.380856501188614
1.033332300000000 0.837441943900809 0.510181211484508 -0.359501917345763
1.066665600000000 0.868531865443277 0.512638433470203 -0.330093771918281
1.099998900000000 0.909414254834129 0.505359021972478 -0.291075431603595
1.133332200000000 0.956332055257566 0.492977499866973 -0.245840051568281
1.166665500000000 1.000259186862050 0.483336822492247 -0.201247698000347
1.199998800000000 1.039794431371538 0.480702430428181 -0.162885711178522
1.233332100000000 1.079799444684453 0.482264539826943 -0.129144303973836
1.266665400000000 1.123882784739063 0.479526293099577 -0.091758340395412
1.299998700000000 1.169123221352962 0.472045385750009 -0.049551045552287
1.333332000000000 1.214199576353789 0.464576124457161 -0.005474837307686
1.366665300000000 1.261065798391985 0.460271321506423 0.037596345634665
1.399998600000000 1.308464132827722 0.458094494566292 0.076231012158711
1.433331900000000 1.355360312627870 0.453157747686536 0.110870007109366
1.466665200000000 1.404116405044867 0.445484199237058 0.143161863862229
1.499998500000000 1.462067913007808 0.444306787174953 0.171972984228736
1.533331800000000 1.532218303607746 0.453547488185623 0.200901651269130
1.566665100000000 1.602243483671129 0.465602345153191 0.232548785026099
1.599998400000000 1.654242869888709 0.470917304272105 0.262388967329819
1.633331700000000 1.681112444947818 0.468357910599365 0.284348253004586
1.666665000000000 1.692928004512000 0.465047670607963 0.297324199683064
1.699998300000000 1.702903295923533 0.463866115562938 0.308284040512817
