0.000000000000000 -0.160664000000000 2.056010000000000 -0.016982000000000
0.033333300000000 -0.241570732704880 2.020064178770058 -0.642306336762702
0.066666600000000 -0.196114165120179 2.026528596637653 -0.582864157569713
0.099999900000000 -0.162387004239258 2.031684271887223 -0.532978614001939
0.133333200000000 -0.139494442983736 2.036753066515102 -0.486408387139813
0.166666500000000 -0.122677339006081 2.039188437111931 -0.447337136689190
0.199999800000000 -0.106609442130055 2.038276420692035 -0.416834272084645
0.233333100000000 -0.091828278414762 2.035519766770131 -0.393345703960663
0.266666400000000 -0.096500343393428 2.029562357600804 -0.377936310382741
0.299999700000000 -0.132144717131888 2.015291668019870 -0.366673910283822
0.333333000000000 -0.179719751326635 1.991863914474439 -0.352683752176681
0.366666300000000 -0.216561813475100 1.965151323037770 -0.336194524767860
0.399999600000000 -0.243450681349142 1.936369856247719 -0.322751337547185
0.433332900000000 -0.268930907783360 1.902216544819507 -0.318689162521801
0.466666200000000 -0.284143057151523 1.868706294158912 -0.322029418464497
0.499999500000000 -0.271491542748611 1.852101443689574 -0.319893914965592
0.533332800000000 -0.232319129085040 1.854885229515875 -0.310307988782292
0.566666100000000 -0.187728652268080 1.860375703015864 -0.301087161211025
0.599999400000000 -0.146424813474968 1.865363755115503 -0.288357355793665
0.633332700000000 -0.094686588256473 1.883619194594316 -0.265535107554152
0.666666000000000 -0.027244442021780 1.914420989482021 -0.235652476934573
0.699999300000000 0.040631545534912 1.944050682386939 -0.201915738011119
0.733332600000000 0.095530747974675 1.968123581093652 -0.163718950762148
0.766665900000000 0.144493185295734 1.990587906431183 -0.121135900665113
0.799999200000000 0.206602095121964 2.014049966010078 -0.074735298855250
0.833332500000000 0.286826276178214 2.034952691393185 -0.022625608209182
0.866665800000000 0.372395594361728 2.047116728510305 0.036619898932351
0.899999100000000 0.448073190372612 2.049268090924089 0.099294625028776
0.933332400000000 0.508794441792317 2.047416310187373 0.156639422389538
0.966665700000000 0.561664213082242 2.047355564506336 0.206385416518456
0.999999000000000 0.611499219834622 2.048623758278507 0.253865780629027
1.033332300000000 0.654640950346726 2.049065323608025 0.300303777946013
1.066665600000000 0.691290994392329 2.047344201165249 0.340866663578224
1.099998900000000 0.718025949381735 2.042836338078902 0.369574278066472
1.133332200000000 0.725451154711008 2.036650733588629 0.387161627792575
1.166665500000000 0.717076019067772 2.030504550006218 0.401249883994927
1.199998800000000 0.705433683701143 2.025684847013190 0.418626252351722
1.233332100000000 0.687991194837182 2.019187661268185 0.437669312476551
1.266665400000000 0.656312203273807 2.004635495085532 0.448929921817258
1.299998700000000 0.620006278446652 1.982563316523544 0.454165287500946
1.333332000000000 0.587588539225592 1.957174775979786 0.459747627156155
1.366665300000000 0.556261685028972 1.927995918818393 0.468826793393947
1.399998600000000 0.533638427540774 1.897331676758589 0.482636595999275
1.433331900000000 0.521598956587085 1.864358553862984 0.498527477728762
1.466665200000000 0.508080794288097 1.822338816793413 0.515069883507591
1.499998500000000 0.494825787975901 1.775646176508689 0.531002467206872
1.533331800000000 0.496693145795200 1.737693070069979 0.540874478352755
1.566665100000000 0.520085676029325 1.717976830220407 0.544665266567015
1.599998400000000 0.559679609496564 1.718070031588400 0.551293093532327
1.633331700000000 0.611861360236788 1.737191425071256 0.573636517429824
1.666665000000000 0.680971839232297 1.774208893531535 0.611912033745263
1.699998300000000 0.757630303228869 1.815901399728096 0.647965626041691
