0.000000000000000 -0.165650000000000 1.687859000000000 -0.042007000000000
0.033333300000000 -0.278832034597571 1.677188341763123 -0.511027912166613
0.066666600000000 -0.238892521519397 1.681263752403610 -0.459785044123614
0.099999900000000 -0.205974304781632 1.684821795213558 -0.414771848876222
0.133333200000000 -0.179742898830251 1.688367748234471 -0.371543254858369
0.166666500000000 -0.157353145063797 1.690005556317632 -0.333077909315638
0.199999800000000 -0.135403152571413 1.689237623064229 -0.300519555835552
0.233333100000000 -0.114159198356622 1.687277374003609 -0.273283916938877
0.266666400000000 -0.105478703714224 1.682753614227559 -0.252121550271462
0.299999700000000 -0.116743645813248 1.671303888869967 -0.233927970892928
0.333333000000000 -0.135452818671586 1.652992106642178 -0.213426411222927
0.366666300000000 -0.147328479186492 1.633001050040200 -0.191042150628834
0.399999600000000 -0.153292037298600 1.612022433972202 -0.171567860222175
0.433332900000000 -0.158895295233183 1.587723802917690 -0.160029945528622
0.466666200000000 -0.158155090608875 1.564769129271970 -0.154890245583883
0.499999500000000 -0.139418307928514 1.554134597345359 -0.146808133659634
0.533332800000000 -0.103688566011472 1.557216238940337 -0.134144355928803
0.566666100000000 -0.064854247829080 1.562121108079048 -0.121832188899135
0.599999400000000 -0.028834762787831 1.566326241247741 -0.106876181183683
0.633332700000000 0.013050525141367 1.580003428389601 -0.085544971411906
0.666666000000000 0.064467541128251 1.602780263572704 -0.060566115114062
0.699999300000000 0.115800532356064 1.624330057498954 -0.033646254298764
0.733332600000000 0.158199005012184 1.641469569784398 -0.003856125263692
0.766665900000000 0.196397200530132 1.657488812939840 0.028988172104548
0.799999200000000 0.243466758362790 1.674517838342043 0.065068851699635
0.833332500000000 0.303274393475427 1.689385147330775 0.105822054837538
0.866665800000000 0.367310543157071 1.696644155399909 0.152072870526860
0.899999100000000 0.424878907807886 1.695515686002619 0.201800875088860
0.933332400000000 0.472752091144164 1.692001413279363 0.249200042370591
0.966665700000000 0.516367488448774 1.691135060566049 0.291482002419462
0.999999000000000 0.558954111473895 1.691798370778112 0.331974194507644
1.033332300000000 0.597783269672952 1.691680394521197 0.372618963237480
1.066665600000000 0.632890591861616 1.689671063183274 0.410476928427436
1.099998900000000 0.661800826870021 1.685190193514212 0.441088196247068
1.133332200000000 0.677956596610149 1.679036874357514 0.464897486576579
1.166665500000000 0.684051462156546 1.673116319485445 0.487094516576316
1.199998800000000 0.688982332290284 1.668865313747907 0.511337858841523
1.233332100000000 0.691352104485783 1.663612175252620 0.536366038208669
1.266665400000000 0.685285847710598 1.652842061017846 0.556578319463989
1.299998700000000 0.676636856630047 1.637851002582626 0.573130274109688
1.333332000000000 0.670241203498710 1.621823790699499 0.589726560606367
1.366665300000000 0.663557692792727 1.603500118929700 0.608025626025511
1.399998600000000 0.661354425503995 1.583214262668509 0.628256480370932
1.433331900000000 0.665293244542007 1.559445394703265 0.648747937736296
1.466665200000000 0.668114465392172 1.527639278335549 0.669107787187762
1.499998500000000 0.671086595718644 1.491932286117455 0.687925455973927
1.533331800000000 0.683442720375893 1.462784605317675 0.701299527906204
1.566665100000000 0.708919522686245 1.447263779748020 0.709718264346078
1.599998400000000 0.743981392037485 1.446387199217338 0.719838528105288
1.633331700000000 0.786887818376289 1.458835804928052 0.741178026020989
1.666665000000000 0.840664313623379 1.483194055385132 0.773141524885325
1.699998300000000 0.898077319449975 1.511525500025042 0.802290662673890
