0.000000000000000 -0.161012000000000 0.688552000000000 1.013518000000000
0.033333300000000 0.599804551531123 0.921865112140475 0.366613007005886
0.066666600000000 0.631166388388698 0.888496111744582 0.393025588290164
0.099999900000000 0.667279310829382 0.874470787615280 0.418011665943480
0.133333200000000 0.713092379221380 0.870119391050121 0.432250129925907
0.166666500000000 0.765101270762995 0.872676502631925 0.437519314864582
0.199999800000000 0.817866908098568 0.878854769044479 0.439294503175728
0.233333100000000 0.867847800289796 0.891084849709255 0.444008723581179
0.266666400000000 0.917970468918595 0.926517526003988 0.450322601519089
0.299999700000000 0.970721550699382 0.991272072946222 0.449991024891245
0.333333000000000 1.022581183188208 1.064760376223081 0.439037916371115
0.366666300000000 1.069142343666949 1.126747367173572 0.422696362770941
0.399999600000000 1.106577055980917 1.181229933077491 0.411455907022294
0.433332900000000 1.131678858468960 1.242447356233512 0.412658052009096
0.466666200000000 1.148129951322070 1.302260549986734 0.426038028610394
0.499999500000000 1.167580989412702 1.334154556297896 0.449958684011436
0.533332800000000 1.193054370553190 1.336482286812298 0.484324158194577
0.566666100000000 1.217576849353998 1.333095779922457 0.522905661568245
0.599999400000000 1.242090049585534 1.326877996226167 0.556587210787441
0.633332700000000 1.270789229517278 1.300572713699320 0.587344949518760
0.666666000000000 1.299487635277208 1.254015879306932 0.621971635455101
0.699999300000000 1.322801172147746 1.204677150052683 0.659036871938166
0.733332600000000 1.340157084853201 1.165053772632255 0.695266260247192
0.766665900000000 1.354060078893472 1.129485010915447 0.731695551468765
0.799999200000000 1.368235999793813 1.080661656827681 0.768629798808764
0.833332500000000 1.383423642731691 1.012209387448939 0.804019452195507
0.866665800000000 1.398442211540953 0.932006610979423 0.833883639881315
0.899999100000000 1.414692636311254 0.854402384358198 0.854155236927463
0.933332400000000 1.433379487325857 0.795832873581431 0.871169471884686
0.966665700000000 1.453421000103869 0.757269519106301 0.893640522816666
0.999999000000000 1.475744592399684 0.728199618988139 0.918269069432284
1.033332300000000 1.502858808045230 0.707664548335960 0.942987354029330
1.066665600000000 1.533293529923434 0.697767259115637 0.974542890460067
1.099998900000000 1.566348733502554 0.703140920598612 1.015667457027869
1.133332200000000 1.605330807724977 0.730045273810819 1.058329059417041
1.166665500000000 1.652928023899825 0.773072505452706 1.090392417842922
1.199998800000000 1.706467196367439 0.820368737052902 1.109290301797586
1.233332100000000 1.764944508072993 0.874833758315552 1.117741106501304
1.266665400000000 1.825380926555883 0.948281220210876 1.119202751765180
1.299998700000000 1.881770114990878 1.032325636907683 1.115128315335606
1.333332000000000 1.929762748971694 1.115409598574694 1.109264008448602
1.366665300000000 1.967130182096160 1.195430376348794 1.104963117863861
1.399998600000000 1.995276245108365 1.260510486247933 1.107092435934686
1.433331900000000 2.018607679564651 1.307225103437364 1.115324814185079
1.466665200000000 2.037572801355937 1.349703506594084 1.122640304431833
1.499998500000000 2.049942953774447 1.393524184159406 1.137191531074309
1.533331800000000 2.057310783088468 1.430308096110061 1.174798042005222
1.566665100000000 2.066255698614477 1.449777614258107 1.229719421143426
1.599998400000000 2.084467789998517 1.447570102826544 1.281856173738807
1.633331700000000 2.117659420096393 1.420033759900375 1.324539288254760
1.666665000000000 2.160886489758900 1.364772222836131 1.369596629914735
1.699998300000000 2.197964525743967 1.301638075576034 1.417928166988019
