0.000000000000000 0.895841000000000 0.068790000000000 0.020250000000000
0.033333300000000 0.761712074178570 0.179547316831699 -0.880563441448646
0.066666600000000 0.760520858481454 0.181005081364479 -0.882481579783073
0.099999900000000 0.762794626893780 0.181941943737811 -0.880679970430369
0.133333200000000 0.768641159374595 0.181639295988235 -0.875454346933117
0.166666500000000 0.772807497793313 0.182383496921969 -0.871533637417627
0.199999800000000 0.771527139289253 0.182342477193667 -0.872908815659696
0.233333100000000 0.769465914181418 0.181463527579787 -0.875271089793392
0.266666400000000 0.769942170266225 0.179583065059543 -0.875231479596538
0.299999700000000 0.772184360273236 0.179434868761491 -0.873326153467063
0.333333000000000 0.773912749852014 0.182338745139835 -0.871633865499605
0.366666300000000 0.776462207913400 0.184269071835109 -0.869150218890973
0.399999600000000 0.783562673474537 0.178724044712415 -0.862992960106878
0.433332900000000 0.796060355189928 0.163463392123015 -0.851489849609422
0.466666200000000 0.807155938579997 0.146291603415384 -0.840098434223700
0.499999500000000 0.811060849330855 0.150908417203410 -0.835503381321208
0.533332800000000 0.815516773354069 0.174520275523930 -0.829036917272970
0.566666100000000 0.831105226878419 0.190173510735004 -0.809909464142304
0.599999400000000 0.858330425357653 0.196340408762778 -0.781635238816687
0.633332700000000 0.898040919124615 0.194800787308590 -0.746475614273294
0.666666000000000 0.952757649841783 0.186187985850762 -0.701518732751123
0.699999300000000 1.015447856862836 0.189936863642245 -0.649593113443095
0.733332600000000 1.081272385582809 0.193190843286747 -0.592225645840360
0.766665900000000 1.169960625769649 0.160142973574307 -0.513977265249943
0.799999200000000 1.281263137478844 0.123834929735253 -0.414891892116397
0.833332500000000 1.371405798315986 0.133825282503081 -0.336694014986529
0.866665800000000 1.417466731370926 0.162207068502948 -0.299637273888684
0.899999100000000 1.440130470188368 0.173640819628640 -0.282991239402362
0.933332400000000 1.463064272875946 0.172356686808929 -0.268702305006723
0.966665700000000 1.499644874163708 0.167905330792281 -0.246738319975296
0.999999000000000 1.539432714294601 0.166669768816715 -0.222291349797909
1.033332300000000 1.558127698300159 0.177899179306090 -0.212425487116397
1.066665600000000 1.564619639309046 0.195868530704488 -0.208933034591001
1.099998900000000 1.579948884653571 0.203640349159372 -0.197674756499567
1.133332200000000 1.596231685155577 0.201122870141899 -0.186502838359292
1.166665500000000 1.603493245070125 0.198959607999839 -0.181739391255005
1.199998800000000 1.605600413874667 0.201388012580080 -0.179796863224584
1.233332100000000 1.603971752660194 0.208713211508464 -0.179489215798872
1.266665400000000 1.595707776929389 0.220193260109857 -0.182763056260065
1.299998700000000 1.585822677857106 0.234015165550022 -0.186295285438890
1.333332000000000 1.585310671586831 0.244543964725151 -0.183951014124382
1.366665300000000 1.594796624732378 0.248777502463411 -0.175555177275220
1.399998600000000 1.602506735831911 0.253609255905902 -0.168348448008422
1.433331900000000 1.606232503916433 0.259096228272269 -0.163994775255498
1.466665200000000 1.609951133578923 0.258544453454911 -0.160557050147606
1.499998500000000 1.614511712562176 0.258842671822807 -0.154684837888295
1.533331800000000 1.618885298993733 0.269484546242413 -0.143301224094419
1.566665100000000 1.634192713053250 0.269306008200133 -0.120295064685237
1.599998400000000 1.668972858280221 0.241839919676771 -0.084006696298635
1.633331700000000 1.713456958245304 0.211409526022320 -0.041383659454843
1.666665000000000 1.769563839662540 0.199467880055634 0.010081078707747
1.699998300000000 1.846079769752208 0.191799920965594 0.083400755986425
