0.000000000000000 -0.104159000000000 1.480695000000000 0.020250000000000
0.033333300000000 0.004415196355026 1.556662691542466 -0.131903285344033
0.066666600000000 0.057329947709432 1.544838602680894 -0.070099675305977
0.099999900000000 0.095021764841108 1.532449153337574 -0.021560391298219
0.133333200000000 0.125554366953303 1.523206227629642 0.017499591569100
0.166666500000000 0.160628463570199 1.516775337092417 0.052970853266152
0.199999800000000 0.201178740651162 1.509504705513879 0.085153518801513
0.233333100000000 0.235396994156298 1.500802827488281 0.108440454117681
0.266666400000000 0.253751615529516 1.493330779367012 0.119860734078838
0.299999700000000 0.264428172793669 1.486365861584718 0.130896715693051
0.333333000000000 0.284196809203913 1.476469457136218 0.155574831493178
0.366666300000000 0.321472301590990 1.460750056108468 0.195968402962267
0.399999600000000 0.372744499241324 1.437982372493800 0.245285375565890
0.433332900000000 0.434072381948343 1.409687580153561 0.296978180430045
0.466666200000000 0.505530916162208 1.378057112893730 0.350522245962155
0.499999500000000 0.580135190591056 1.348908565949411 0.402553654523527
0.533332800000000 0.657259503300258 1.323040931941602 0.454843308731037
0.566666100000000 0.748879103267561 1.286390633291354 0.521131142998392
0.599999400000000 0.846968994524870 1.243182612907934 0.594618200582949
0.633332700000000 0.924113639907305 1.229481147212088 0.646047764850664
0.666666000000000 0.967962389674117 1.259989496980022 0.667374042304532
0.699999300000000 0.984139811555755 1.315237094791143 0.670437784819355
0.733332600000000 0.971413943079073 1.383736540272800 0.654936940414127
0.766665900000000 0.917917821423963 1.458420895696571 0.612345328269565
0.799999200000000 0.827738896101070 1.519052552317954 0.546312534714518
0.833332500000000 0.726061228278082 1.547946117176365 0.470289542816095
0.866665800000000 0.640088476646525 1.543872628005714 0.396848549523656
0.899999100000000 0.587525367154901 1.520516618440098 0.345753919031618
0.933332400000000 0.583761611115563 1.502902769916876 0.343813582200833
0.966665700000000 0.634043384734291 1.505663489370381 0.396599430818132
0.999999000000000 0.713322286004358 1.516941107486654 0.478456407101484
1.033332300000000 0.794252828427664 1.524281438916755 0.565172250693693
1.066665600000000 0.877065586342859 1.524507759852257 0.656861581713102
1.099998900000000 0.961669706105797 1.513704141944603 0.750572497284647
1.133332200000000 1.034685094910512 1.493930456702904 0.829422531397380
1.166665500000000 1.086902824888120 1.475023180482296 0.883108072570815
1.199998800000000 1.115952775636976 1.463155844257001 0.913498986577656
1.233332100000000 1.129408968706521 1.457066853861540 0.930405378122715
1.266665400000000 1.141557116415673 1.453793669697530 0.944015497871373
1.299998700000000 1.159770302217894 1.452855322000396 0.956299574084240
1.333332000000000 1.177978926940850 1.455107481097380 0.966191752716398
1.366665300000000 1.191184382608010 1.459019372585404 0.976630825107611
1.399998600000000 1.207715809266428 1.459012738065497 0.992918640712496
1.433331900000000 1.238602451203426 1.448120731106323 1.019466548618971
1.466665200000000 1.288933439056638 1.421648130748486 1.060927784437392
1.499998500000000 1.357137405596379 1.381704412694782 1.117582854864446
1.533331800000000 1.435057884645705 1.337222044434296 1.180822930385566
1.566665100000000 1.517111716734017 1.296487836964638 1.241103950702931
1.599998400000000 1.604524770235572 1.258227050555625 1.300870387908300
1.633331700000000 1.695342521274217 1.216744983255645 1.368918635275750
1.666665000000000 1.775893920159038 1.178188661258954 1.446002878520240
1.699998300000000 1.830128281758455 1.163323002852321 1.521319714259351
