0.000000000000000 -0.170746000000000 0.721925000000000 0.983829000000000
0.033333300000000 0.570455508506689 0.951282624036536 0.347555504098722
0.066666600000000 0.602247116775640 0.918909487632562 0.374896935818092
0.099999900000000 0.638367867086267 0.905312494033053 0.400608740808313
0.133333200000000 0.683743069284225 0.901098340587033 0.415852952283974
0.166666500000000 0.735076298718970 0.903574223278002 0.422229558311539
0.199999800000000 0.787160300788987 0.909553572275210 0.424989542760426
0.233333100000000 0.836465755133061 0.921408594945362 0.430385846038916
0.266666400000000 0.885367766697272 0.955708032078781 0.437096814785525
0.299999700000000 0.936059797282448 1.018219721998546 0.437250054254235
0.333333000000000 0.985670221993230 1.088985657901780 0.427177845660932
0.366666300000000 1.030449031077507 1.148583925600023 0.411928948134233
0.399999600000000 1.066526128266680 1.200899833729586 0.401507949252799
0.433332900000000 1.090465400403350 1.259637453486777 0.402865358831539
0.466666200000000 1.106091925416508 1.317030102466091 0.415810104905550
0.499999500000000 1.125280247005194 1.347685477112110 0.439118728129942
0.533332800000000 1.150962727724637 1.350065521758018 0.472759874146653
0.566666100000000 1.175826772910214 1.346964900018164 0.510474992567222
0.599999400000000 1.200649592947363 1.341101089023417 0.543535848129167
0.633332700000000 1.229873209698849 1.316026093074283 0.574040111452830
0.666666000000000 1.259480476411379 1.271547193583603 0.608479941528459
0.699999300000000 1.283824202273050 1.224276445436068 0.645376433586141
0.733332600000000 1.302023407219405 1.186225885449467 0.681572906560276
0.766665900000000 1.316697337142001 1.152030876491455 0.718070077988600
0.799999200000000 1.331980464427038 1.105031069128526 0.755153405688319
0.833332500000000 1.348740226242637 1.038942109078187 0.790890695267882
0.866665800000000 1.365518671109781 0.961190516656302 0.821462472179492
0.899999100000000 1.383323929831092 0.885675229221002 0.842843412680511
0.933332400000000 1.403159294826250 0.828577385942824 0.860947820958443
0.966665700000000 1.424064375481667 0.791000693987456 0.884135732554481
0.999999000000000 1.447084985337680 0.762680723955211 0.909345778247531
1.033332300000000 1.474618402159490 0.742630277617888 0.934631406614965
1.066665600000000 1.505205796836803 0.732909234565302 0.966414826880753
1.099998900000000 1.538054965320471 0.738033046161152 1.007185346698947
1.133332200000000 1.576198981965762 0.764068973365268 1.049181936001268
1.166665500000000 1.622428011378601 0.805760429138948 1.080842924603326
1.199998800000000 1.674452035378753 0.851601435727521 1.099830090256511
1.233332100000000 1.731209366969822 0.904340153949555 1.108726696839075
1.266665400000000 1.789577321983910 0.975389207027128 1.110646844893036
1.299998700000000 1.843925449507645 1.056659071066194 1.107028428994115
1.333332000000000 1.890181327505161 1.136980467059604 1.101651332168714
1.366665300000000 1.926067977495931 1.214224488817577 1.097848309861634
1.399998600000000 1.953110452934192 1.276848455316955 1.100379721129706
1.433331900000000 1.975661531379684 1.321505311805833 1.108871214871047
1.466665200000000 1.993913227045596 1.361780054629468 1.116480475078108
1.499998500000000 2.005672956919055 1.403160301124742 1.131087660642037
1.533331800000000 2.012747235468042 1.437826026411141 1.167904861143859
1.566665100000000 2.021758819897432 1.456098648804135 1.221351810211473
1.599998400000000 2.040236762346270 1.453860048720373 1.272161018077415
1.633331700000000 2.073754382355624 1.427516531151343 1.314229079654189
1.666665000000000 2.117511108640224 1.374615917902713 1.359031454986664
1.699998300000000 2.155403797787383 1.314184966293162 1.406923444865966
