0.000000000000000 -0.169488000000000 0.723312000000000 1.007393000000000
0.033333300000000 0.591495876414398 0.955942602806944 0.357269202939410
0.066666600000000 0.623431995914872 0.922940712931447 0.384577769844444
0.099999900000000 0.659660597815619 0.909081295021659 0.410157781922244
0.133333200000000 0.705228389234838 0.904803841491205 0.424986337125804
0.166666500000000 0.756821895233438 0.907353009498539 0.430692314123296
0.199999800000000 0.809169579494851 0.913468699729499 0.432672761933680
0.233333100000000 0.858664210545149 0.925568516817314 0.437363815395168
0.266666400000000 0.907612272111719 0.960613959164253 0.443412057243156
0.299999700000000 0.958159378160099 1.024550334966207 0.442754624490486
0.333333000000000 1.007485443657566 1.096928418695778 0.431624988980550
0.366666300000000 1.051956092371418 1.157829815766570 0.415204350174915
0.399999600000000 1.087660333487639 1.211242758510460 0.403774600010099
0.433332900000000 1.111041002156195 1.271163359282184 0.404467400373993
0.466666200000000 1.126045560091334 1.329640028215573 0.417079224622575
0.499999500000000 1.144895100217069 1.360818238807331 0.440366338939898
0.533332800000000 1.170582954275189 1.363161421676548 0.474280579387264
0.566666100000000 1.195508823727134 1.359919256452502 0.512364424760320
0.599999400000000 1.220418703364636 1.353880882046598 0.545687032127416
0.633332700000000 1.249961189325094 1.328244686314979 0.576478857596652
0.666666000000000 1.280058744218589 1.282802844502793 0.611414842794279
0.699999300000000 1.304816548827677 1.234544869031812 0.648933017901015
0.733332600000000 1.323251842506739 1.195739776544008 0.685769076300968
0.766665900000000 1.338074945338640 1.160872847082814 0.722926604818811
0.799999200000000 1.353583095492586 1.112898463799724 0.760648754733961
0.833332500000000 1.370642834070913 1.045441686295195 0.796956970510642
0.866665800000000 1.387692665193000 0.966168709155476 0.827966318336848
0.899999100000000 1.405717782043902 0.889265734747107 0.849506151016801
0.933332400000000 1.425707438043780 0.831128666435516 0.867569046999694
0.966665700000000 1.446673582088955 0.792821751779172 0.890789750446568
0.999999000000000 1.469707147084689 0.763926456707077 0.916087764364626
1.033332300000000 1.497254138853395 0.743492537326927 0.941387763733883
1.066665600000000 1.527837298811815 0.733628761835789 0.973202008023323
1.099998900000000 1.560646750344318 0.738954067092119 1.014079648612921
1.133332200000000 1.598746009112939 0.765672208137995 1.056097833201777
1.166665500000000 1.644966401799059 0.808367272204353 1.087475703469483
1.199998800000000 1.696995629803498 0.855249088498050 1.105933319621221
1.233332100000000 1.753714338353115 0.909161093790605 1.114116801762556
1.266665400000000 1.811907807437103 0.981736522170754 1.115099870706148
1.299998700000000 1.865926073185516 1.064634843454800 1.110364300932588
1.333332000000000 1.911730299137531 1.146444406563420 1.103852263711365
1.366665300000000 1.947037745237223 1.225071655218029 1.099021447090267
1.399998600000000 1.973476342835053 1.288841438371047 1.100788762704912
1.433331900000000 1.995467543460076 1.334407840031255 1.108748414775260
1.466665200000000 2.013071483621585 1.375612641076644 1.115856627220065
1.499998500000000 2.024057358096532 1.417992659404462 1.130202578607624
1.533331800000000 2.030419323415952 1.453514316423453 1.167318948990941
1.566665100000000 2.038992890012249 1.472277101865492 1.221465444797240
1.599998400000000 2.057417289287842 1.470076624793414 1.272948789286084
1.633331700000000 2.091299532109943 1.443304368375077 1.315525360833324
1.666665000000000 2.135761071481559 1.389512566194241 1.360980083983791
1.699998300000000 2.174394777155183 1.327985764318620 1.409689146497078
