0.000000000000000 -0.170939000000000 0.655123000000000 0.983429000000000
0.033333300000000 0.567629404351975 0.889491636527718 0.372786268879574
0.066666600000000 0.598436116253942 0.856577584240630 0.398622854371964
0.099999900000000 0.634424084914647 0.842648118833564 0.423419471936618
0.133333200000000 0.680432913884296 0.838150971351313 0.437974903703683
0.166666500000000 0.732814615786104 0.840497888539882 0.444114940268488
0.199999800000000 0.786002534302260 0.846527508299389 0.447104520341047
0.233333100000000 0.836506567976155 0.858568739384986 0.453054327043793
0.266666400000000 0.887841403263434 0.893259793763899 0.460693491678934
0.299999700000000 0.942943296868398 0.956538427434555 0.461963203798907
0.333333000000000 0.997753056658476 1.028522688686598 0.452886577896036
0.366666300000000 1.047013340463634 1.089573255037353 0.438500904288074
0.399999600000000 1.086827483711402 1.143499469728016 0.428998825037679
0.433332900000000 1.114289216600524 1.204236126615410 0.431602580214671
0.466666200000000 1.132719591884075 1.263738519703100 0.446037150748871
0.499999500000000 1.152964458878639 1.295570903768376 0.470429431811632
0.533332800000000 1.178027574844448 1.297996887664621 0.504682381556317
0.566666100000000 1.201861498642077 1.294762459439124 0.543029531667610
0.599999400000000 1.225741868674587 1.288722844908081 0.576544892006685
0.633332700000000 1.253226464690054 1.262713454261672 0.606828713794103
0.666666000000000 1.279999292996278 1.216603293528847 0.640462121675404
0.699999300000000 1.301402836824552 1.167689813291499 0.676225168280558
0.733332600000000 1.317369013717325 1.128250335146370 0.711001515091592
0.766665900000000 1.330112182304225 1.092772146990169 0.745839695650025
0.799999200000000 1.342697635802439 1.044435785484702 0.781154526123632
0.833332500000000 1.355790621983495 0.977010854763887 0.814922260456581
0.866665800000000 1.368691540540136 0.898102751105925 0.843201174153057
0.899999100000000 1.383230585701338 0.821752007268762 0.862247470556919
0.933332400000000 1.400745929276362 0.764173962261482 0.878528466876643
0.966665700000000 1.419972881770909 0.726326656178244 0.900360188344042
0.999999000000000 1.441674586020237 0.697800325101340 0.924311110160377
1.033332300000000 1.468423523654808 0.677585603818127 0.948542493689489
1.066665600000000 1.498729265583908 0.667789541272478 0.979838110435041
1.099998900000000 1.531970563229518 0.672952261950995 1.020975780257735
1.133332200000000 1.571700356927571 0.699110716359871 1.064111492111006
1.166665500000000 1.620562710641233 0.741017322465989 1.097200041447255
1.199998800000000 1.675601363223929 0.787144528183475 1.117342739206444
1.233332100000000 1.735952708538834 0.840317387379202 1.127200937657884
1.266665400000000 1.798945923628516 0.912322091855502 1.130583563282822
1.299998700000000 1.858263425708209 0.995161859306208 1.128827967312679
1.333332000000000 1.909170565060024 1.077441321662757 1.125256588768497
1.366665300000000 1.949437728981708 1.156897868529060 1.122952355305866
1.399998600000000 1.980090768060322 1.221608395507244 1.126519693658214
1.433331900000000 2.005453694857828 1.268098325924906 1.135756625300001
1.466665200000000 2.026568557823049 1.310394861011809 1.143974032290990
1.499998500000000 2.041153361168024 1.353953748536030 1.159061944362340
1.533331800000000 2.050027173566070 1.390380423415731 1.196572358616540
1.566665100000000 2.059360211290203 1.409511022376773 1.250990178624600
1.599998400000000 2.077017281573231 1.407106764619810 1.302558852508556
1.633331700000000 2.108913907535074 1.379474068478199 1.344534756060683
1.666665000000000 2.150001223394455 1.324114519382246 1.388300989152258
1.699998300000000 2.184520815121029 1.261060953155553 1.435079137180313
