0.000000000000000 0.000000000000000 2.133653000000000 -0.038949000000000
0.033333300000000 0.204136582851773 2.100643935486510 -0.196509703807889
0.066666600000000 0.225416377977225 2.103880657522537 -0.163946695580741
0.099999900000000 0.249767057970392 2.108469519738329 -0.133275801946684
0.133333200000000 0.273982910966710 2.114085650387837 -0.103035035076745
0.166666500000000 0.296249869577920 2.119685973865181 -0.072996362208787
0.199999800000000 0.317900583747112 2.123813835159005 -0.043464702899032
0.233333100000000 0.341083817329630 2.127142751436930 -0.017632089717428
0.266666400000000 0.366772160587246 2.129520057591563 0.004144284374472
0.299999700000000 0.392372032647726 2.129440592294064 0.024148934237349
0.333333000000000 0.416017407553400 2.127472738220528 0.042739282029743
0.366666300000000 0.439808632453599 2.124694990840063 0.059799658466860
0.399999600000000 0.465498751337495 2.120754478966850 0.076528380119993
0.433332900000000 0.493984981625285 2.116308482602602 0.093600071395312
0.466666200000000 0.525047093661703 2.113624345110413 0.109547646108771
0.499999500000000 0.556294187810913 2.114406781571034 0.121756258026141
0.533332800000000 0.587753499804080 2.117711698129018 0.132495394792107
0.566666100000000 0.620074416269145 2.120132961908142 0.148488533595002
0.599999400000000 0.651393295863355 2.120808325087915 0.171188217885509
0.633332700000000 0.681699475956599 2.122885594693366 0.196148346196663
0.666666000000000 0.711289554427513 2.127000658736975 0.219460300122467
0.699999300000000 0.738215950164519 2.130674608315996 0.240692873135050
0.733332600000000 0.761932762672104 2.133230166006284 0.262571245345616
0.766665900000000 0.785913963927514 2.135022320548539 0.286428321129563
0.799999200000000 0.814999554605898 2.135305820523054 0.310438677421863
0.833332500000000 0.846906565904681 2.133412101655730 0.334325730087192
0.866665800000000 0.871954409947157 2.129306101469150 0.359653018809366
0.899999100000000 0.888254907314745 2.123007214766931 0.388084552548719
0.933332400000000 0.908216357344034 2.115831379557712 0.422037405882135
0.966665700000000 0.940379427602151 2.109500559145915 0.460840808836350
0.999999000000000 0.977415193881518 2.104720580737375 0.500014988468773
1.033332300000000 1.008785791698438 2.103064247619218 0.535826035160276
1.066665600000000 1.030832112089811 2.105292373767307 0.566307788606615
1.099998900000000 1.044803011110315 2.109632194391009 0.590504876456069
1.133332200000000 1.056854563516444 2.113096173233400 0.613897826794121
1.166665500000000 1.074212987414349 2.115563999000277 0.642055870864555
1.199998800000000 1.094133096257828 2.120195529897482 0.670355727907599
1.233332100000000 1.105390199333674 2.128745030310805 0.688703254349914
1.266665400000000 1.107505837595890 2.138482137094477 0.697858794243705
1.299998700000000 1.115215532856087 2.146335533042152 0.712245501960315
1.333332000000000 1.131980515631818 2.153033299958866 0.733948141221346
1.366665300000000 1.149625414519315 2.158562351364645 0.754034077454997
1.399998600000000 1.169018783741255 2.160136567967017 0.772768423899767
1.433331900000000 1.193531789269792 2.154966291666986 0.794157536453663
1.466665200000000 1.220422021359120 2.143464304164021 0.817332212563850
1.499998500000000 1.248804358841039 2.130259985431360 0.840425759544547
1.533331800000000 1.279269106111886 2.120227383460291 0.863199609411500
1.566665100000000 1.310905543635749 2.115007662312986 0.884387465424203
1.599998400000000 1.342946405843590 2.113419257209328 0.902089089611053
1.633331700000000 1.373706372707848 2.113201047675358 0.920675726230708
1.666665000000000 1.401134895686641 2.114192238150141 0.944003777942119
1.699998300000000 1.422822842374675 2.118113586084796 0.963335698270656
