0.000000000000000 0.000000000000000 1.949578000000000 -0.020587000000000
0.033333300000000 0.086442314146822 1.959010326334226 -0.343276911003712
0.066666600000000 0.110693791375817 1.960844005570000 -0.310529619634834
0.099999900000000 0.136319530148871 1.964467969375480 -0.278451446809173
0.133333200000000 0.161087814523132 1.969746515114016 -0.247536543755370
0.166666500000000 0.184195741185677 1.975587181141105 -0.217356029632861
0.199999800000000 0.206883411397836 1.980261537522358 -0.187978099855693
0.233333100000000 0.230914288287755 1.983491379509260 -0.161403563524524
0.266666400000000 0.257045522595053 1.984866958159627 -0.137550775820084
0.299999700000000 0.282884146141608 1.983310587401663 -0.114674179029246
0.333333000000000 0.306652392903905 1.979888097517293 -0.092973358896552
0.366666300000000 0.330358609735178 1.975994038022388 -0.072838836606118
0.399999600000000 0.356047082651707 1.971059794106267 -0.053095591312908
0.433332900000000 0.384901435605302 1.965464671057005 -0.033011154567068
0.466666200000000 0.416413055473440 1.961345206085141 -0.013652617544056
0.499999500000000 0.447876094889175 1.960093364190416 0.003076772556626
0.533332800000000 0.479589571074086 1.961187078950543 0.018738785233459
0.566666100000000 0.512768318282610 1.962207156861786 0.038106969600010
0.599999400000000 0.545474301220525 1.962473465733669 0.062249831899949
0.633332700000000 0.576939756595776 1.964696159283203 0.087986610770947
0.666666000000000 0.607208268484647 1.968928900724558 0.112461243648183
0.699999300000000 0.634427104823780 1.972333994329496 0.135667066054270
0.733332600000000 0.657688466755363 1.974473231458050 0.160350738463480
0.766665900000000 0.680374888871879 1.976120282402144 0.187333067452324
0.799999200000000 0.707759419708655 1.976774541269209 0.213948522520083
0.833332500000000 0.738301183781451 1.975466991523188 0.239540081208855
0.866665800000000 0.763171593395301 1.971267307456090 0.266115528258301
0.899999100000000 0.779988865914758 1.964179993179928 0.295913524382070
0.933332400000000 0.799525126696062 1.956959110083473 0.330802736795827
0.966665700000000 0.830091281250989 1.952078948091234 0.369090890786849
0.999999000000000 0.865701288024082 1.949107557226662 0.406731981685779
1.033332300000000 0.896948789365455 1.948112751076222 0.441166991501831
1.066665600000000 0.920724328383039 1.949245943938901 0.470833619713715
1.099998900000000 0.937833402950140 1.950983602676351 0.495231997631921
1.133332200000000 0.952096785937076 1.952009025153172 0.518864425708662
1.166665500000000 0.969663116002355 1.953534108023399 0.546719479648220
1.199998800000000 0.989545202013729 1.957691793648749 0.574942029519999
1.233332100000000 1.001938406441373 1.964125133516977 0.594395202519508
1.266665400000000 1.006516690088738 1.970258774271928 0.605854289366227
1.299998700000000 1.016249910294554 1.975692893580800 0.621060884853906
1.333332000000000 1.033936398171613 1.981470816010948 0.642094738749922
1.366665300000000 1.052054369423012 1.985964218247253 0.662315123242594
1.399998600000000 1.071506450339078 1.986429643635515 0.681904207608125
1.433331900000000 1.095479381217623 1.980773183750680 0.703770074716997
1.466665200000000 1.121564346481296 1.969136887299613 0.727218469681295
1.499998500000000 1.149245836941480 1.955749399094047 0.750770558080658
1.533331800000000 1.179177042002956 1.945358792419894 0.774376159451861
1.566665100000000 1.210285964090562 1.939476759832738 0.797228877513711
1.599998400000000 1.241829775745181 1.936866384232256 0.817569500189755
1.633331700000000 1.272443375529283 1.935704566249949 0.838517031932303
1.666665000000000 1.301076765157251 1.936038866193341 0.865701932190720
1.699998300000000 1.328357329062031 1.938645856426788 0.897036203327171
