0.000000000000000 1.000000000000000 1.031850000000000 -0.016289000000000
0.033333300000000 0.676370039144805 0.995461169035493 -1.083747696518135
0.066666600000000 0.706418885811040 0.999557941680917 -1.048400368413716
0.099999900000000 0.735285134358661 1.002926886179997 -1.013612132947355
0.133333200000000 0.761682334865161 1.008914445874591 -0.982502885902445
0.166666500000000 0.787750234640372 1.018742438036605 -0.955425437842605
0.199999800000000 0.814759286467822 1.030150523185289 -0.931621067155124
0.233333100000000 0.842702906849836 1.038290839341307 -0.908630488684907
0.266666400000000 0.870883382900251 1.039635846375773 -0.883705691410171
0.299999700000000 0.897770773681911 1.034189726751596 -0.855767275859206
0.333333000000000 0.922063573365519 1.025546066743547 -0.827767245957291
0.366666300000000 0.945276164287917 1.016784756393052 -0.802669960155276
0.399999600000000 0.971243588685661 1.007942892455533 -0.778613653091992
0.433332900000000 1.002903527979365 0.999404329476083 -0.753386674236604
0.466666200000000 1.038076893745239 0.992605459911266 -0.728513022442681
0.499999500000000 1.072076287312859 0.987380153708923 -0.705471673055680
0.533332800000000 1.106480390204246 0.983120938575160 -0.681387515233466
0.566666100000000 1.146058387228923 0.979438825308726 -0.650995315253402
0.599999400000000 1.188682258377586 0.977166814406976 -0.615370468810737
0.633332700000000 1.228836449247766 0.979128280007614 -0.582331114990719
0.666666000000000 1.264937943186527 0.984227417340525 -0.554807431070068
0.699999300000000 1.295587180688256 0.988629006918354 -0.530994479814273
0.733332600000000 1.317246230087323 0.992808328899576 -0.512098879307999
0.766665900000000 1.332296845861190 0.996296173655743 -0.496251485268963
0.799999200000000 1.349297831757889 0.994325357258463 -0.476611541658130
0.833332500000000 1.371958827105918 0.988104077236583 -0.452101868679622
0.866665800000000 1.396164553043984 0.985647465340932 -0.429289246045299
0.899999100000000 1.415274561612806 0.989835338119037 -0.413685610411626
0.933332400000000 1.430014323135908 0.995776086370615 -0.401077761432876
0.966665700000000 1.449913766968596 0.998464217576375 -0.381829990698409
0.999999000000000 1.478297973492456 0.997882288016491 -0.353263464204382
1.033332300000000 1.511846680773575 0.996781452785241 -0.316917059456906
1.066665600000000 1.550393209138589 0.996331915930190 -0.273022089296694
1.099998900000000 1.590179173998621 0.997426441076904 -0.227958232167363
1.133332200000000 1.622117464399094 1.001553238210783 -0.192037433049611
1.166665500000000 1.644683342116445 1.008825498474294 -0.166962618770131
1.199998800000000 1.665922921806848 1.018636155329215 -0.144820077979310
1.233332100000000 1.687660498775314 1.029587126946453 -0.122316842379001
1.266665400000000 1.709434528437684 1.040299193488063 -0.100009695381718
1.299998700000000 1.734493442802360 1.052419863471435 -0.078094661888222
1.333332000000000 1.761939467096090 1.065227022176686 -0.056233594446264
1.366665300000000 1.786930176974297 1.073966758331961 -0.034444390673710
1.399998600000000 1.810650438714623 1.075885155818164 -0.012366261967792
1.433331900000000 1.835668233639392 1.071078459500348 0.009310353713287
1.466665200000000 1.861124911343369 1.060863963273563 0.029987961713177
1.499998500000000 1.888834429441355 1.047842049356206 0.052794244714280
1.533331800000000 1.919702974506649 1.036303361719778 0.078540967692055
1.566665100000000 1.950447602022724 1.029495673829177 0.101818640150822
1.599998400000000 1.980338546135683 1.025447464030036 0.121846994292968
1.633331700000000 2.011576599557752 1.022647030936611 0.145138387029027
1.666665000000000 2.046431424230605 1.025092059248566 0.174648316989931
1.699998300000000 2.089801306811925 1.033379003982852 0.211796105735148
