0.000000000000000 0.000000000000000 0.949578000000000 0.979413000000000
0.033333300000000 0.582349971600310 0.803048533923313 0.303119198023209
0.066666600000000 0.611670741559282 0.808489337713375 0.338393191532966
0.099999900000000 0.639161895092293 0.814187666332198 0.372705047782381
0.133333200000000 0.665162345356767 0.819856478843606 0.403356513398327
0.166666500000000 0.688514317638489 0.823132703225343 0.428795229575476
0.199999800000000 0.712051754926703 0.823704167784919 0.450128470555800
0.233333100000000 0.739679869551114 0.825608200993887 0.471418787718616
0.266666400000000 0.770543987385118 0.829534664605070 0.496110504461592
0.299999700000000 0.799871327911393 0.832617030121280 0.524566457287903
0.333333000000000 0.825449670413139 0.833786431091554 0.553014531907253
0.366666300000000 0.849707825691345 0.832950584499305 0.578105135824490
0.399999600000000 0.875990723948622 0.830513331378122 0.601742080353300
0.433332900000000 0.906421114604000 0.828200002984217 0.626265948910966
0.466666200000000 0.942121149280284 0.828888875901499 0.650556431124338
0.499999500000000 0.982864180174930 0.835847795798615 0.673792547347764
0.533332800000000 1.023946110806915 0.846672852698510 0.698101719998033
0.566666100000000 1.056589755318206 0.853408532241241 0.727181606094582
0.599999400000000 1.078928901676052 0.853822446173814 0.759615665649873
0.633332700000000 1.099336058322344 0.852844767125843 0.788621027353622
0.666666000000000 1.123693343215882 0.853947028915515 0.812503094623588
0.699999300000000 1.151796719560043 0.856524914797184 0.833734956578469
0.733332600000000 1.184495115648219 0.858716887978282 0.851409734980375
0.766665900000000 1.219536469809166 0.859038695236487 0.866622046647970
0.799999200000000 1.249703157385903 0.856145004017946 0.885131377956988
0.833332500000000 1.275051923297189 0.850680073951336 0.907935947210822
0.866665800000000 1.304870609946423 0.845598591295764 0.929012290149253
0.899999100000000 1.344683633076819 0.840716538234736 0.943176751626132
0.933332400000000 1.387591806213085 0.831715400419590 0.953702547603060
0.966665700000000 1.423021216382890 0.817388199490566 0.969849575338753
0.999999000000000 1.450635480734632 0.804041003838793 0.995522758201922
1.033332300000000 1.475340282020837 0.799932888469453 1.030358203527418
1.066665600000000 1.498466214288607 0.808222743800003 1.074390054535736
1.099998900000000 1.523535057257247 0.825920998574720 1.120682002823361
1.133332200000000 1.554297834748598 0.843467438265641 1.157996217244004
1.166665500000000 1.587750308004216 0.852757378133276 1.184103833092563
1.199998800000000 1.620115284521178 0.860841393214231 1.206844371747964
1.233332100000000 1.652930290206098 0.882317109832056 1.231498778999330
1.266665400000000 1.685180308053410 0.914135333398171 1.257021680509300
1.299998700000000 1.714429593607609 0.937953514639330 1.281092786509466
1.333332000000000 1.741790711431390 0.951668743091357 1.304250280756513
1.366665300000000 1.769369173333395 0.964897972993686 1.327809822616520
1.399998600000000 1.797463491984272 0.974535373568571 1.352020883935049
1.433331900000000 1.826016635059770 0.973301540517120 1.375570795786159
1.466665200000000 1.855313732175438 0.963280706410357 1.397938368268140
1.499998500000000 1.884460769498093 0.951673852493339 1.422552739791565
1.533331800000000 1.914561332587811 0.944193915632485 1.450304287767486
1.566665100000000 1.950147810076224 0.943353262337520 1.475714269097481
1.599998400000000 1.990233636051382 0.948463133909666 1.497974288996033
1.633331700000000 2.026159742205742 0.954446176656025 1.523384618736919
1.666665000000000 2.051942539635676 0.956835788075877 1.556615762217444
1.699998300000000 2.065077882190534 0.957953715269728 1.600943690764842
