0.000000000000000 -0.000001000000000 1.518401000000000 1.018169000000000
0.033333300000000 0.682606939200100 1.166559103743964 0.431650374316607
0.066666600000000 0.709114185407973 1.174398973704677 0.467031661091772
0.099999900000000 0.734238248423023 1.182323975858988 0.502000190518681
0.133333200000000 0.758978561105806 1.189011064563777 0.533400166932084
0.166666500000000 0.780554893813157 1.193023741894933 0.561652549213443
0.199999800000000 0.801712860574727 1.194152081266809 0.587160571350820
0.233333100000000 0.826650941677616 1.197263495916864 0.611321527632129
0.266666400000000 0.855055947992382 1.203367194353864 0.636483780142661
0.299999700000000 0.882148780277685 1.209244695692340 0.663986223161533
0.333333000000000 0.905620272785720 1.213360314018016 0.691369376693805
0.366666300000000 0.927984088867362 1.215312065859912 0.716108263671082
0.399999600000000 0.951945359806695 1.215672457151316 0.740026509162165
0.433332900000000 0.979019589571565 1.216397624643682 0.765117229694589
0.466666200000000 1.010618260406292 1.220489626686237 0.789668648990805
0.499999500000000 1.046831145354657 1.231547297125961 0.811659231956612
0.533332800000000 1.083091902545267 1.246800240179041 0.834055505267563
0.566666100000000 1.110593457356531 1.257326388174459 0.863323724838118
0.599999400000000 1.127435324064296 1.260607409685769 0.898836357468303
0.633332700000000 1.142470626455267 1.261860860725446 0.932599206223779
0.666666000000000 1.161623388113381 1.265068727866741 0.961286592977519
0.699999300000000 1.184530862688075 1.269974413557469 0.986368165440318
0.733332600000000 1.212847523436747 1.274382313040948 1.007614672246576
0.766665900000000 1.245230315477555 1.276508902460252 1.026709814610338
0.799999200000000 1.274594121707269 1.275237038798659 1.048739438645244
0.833332500000000 1.299206646200434 1.271275487077371 1.074716562416137
0.866665800000000 1.325254415855232 1.267301829311898 1.099586261347791
0.899999100000000 1.358998162054087 1.262627970104328 1.118961992958681
0.933332400000000 1.398422299591138 1.252495764964216 1.136448520149803
0.966665700000000 1.434379599254238 1.236082159476272 1.160224532920057
0.999999000000000 1.463001471762168 1.220758056592994 1.192004646360570
1.033332300000000 1.485868237707466 1.215834351548149 1.229547117913858
1.066665600000000 1.502944160321340 1.224952587977944 1.272102068053565
1.099998900000000 1.519011419517693 1.244672160338363 1.313695041154440
1.133332200000000 1.541992848000143 1.262702648823066 1.347045297252855
1.166665500000000 1.573020221455655 1.270473651357395 1.372156642688531
1.199998800000000 1.604625782523307 1.277290293561904 1.394884156483327
1.233332100000000 1.633774360137016 1.298698550775758 1.415247510931006
1.266665400000000 1.659424152022048 1.331472591274840 1.432811365521709
1.299998700000000 1.683820892837817 1.354952034407160 1.451456968400885
1.333332000000000 1.709530152734959 1.367202498204675 1.472148573760814
1.366665300000000 1.736748542873582 1.379559982465768 1.491919709100199
1.399998600000000 1.765675807793773 1.388890547571898 1.511154136859115
1.433331900000000 1.796753052464966 1.387129285119496 1.530760501716823
1.466665200000000 1.829399733539081 1.376424278936321 1.550018526886528
1.499998500000000 1.861952600067928 1.364479872083955 1.570948546123500
1.533331800000000 1.895351654853171 1.357142492090967 1.594073901700748
1.566665100000000 1.934124542344083 1.356793375035981 1.614279692843338
1.599998400000000 1.977211323085177 1.362856543691522 1.630372751256920
1.633331700000000 2.015702786481100 1.369911618862099 1.649644120021203
1.666665000000000 2.047055873913273 1.375802446715073 1.674483137828645
1.699998300000000 2.071694501787900 1.390278309243339 1.701749450055147
