0.000000000000000 0.999999000000000 1.518401000000000 0.018169000000000
0.033333300000000 0.830587183518885 1.447288887112955 -0.946497889122764
0.066666600000000 0.857746592611452 1.453308793912194 -0.911415914886622
0.099999900000000 0.885683737406402 1.457074873275353 -0.876976316980807
0.133333200000000 0.911620109394621 1.463059556265881 -0.845584235420531
0.166666500000000 0.937055074927207 1.472159332736695 -0.815878218223964
0.199999800000000 0.963011109355040 1.482415230132730 -0.787934782414259
0.233333100000000 0.989733685262078 1.489940834056292 -0.762630434586560
0.266666400000000 1.017206992171755 1.491448018806201 -0.738549483983848
0.299999700000000 1.043965995120514 1.486498346950865 -0.713310259751398
0.333333000000000 1.068627451563819 1.478182564477330 -0.688231230485124
0.366666300000000 1.092804059810742 1.469260930584366 -0.665320109891364
0.399999600000000 1.119599934291031 1.460048095090337 -0.642786743318579
0.433332900000000 1.151285241772334 1.451272227086650 -0.618775275595869
0.466666200000000 1.185979778400085 1.444530161255750 -0.595630660500367
0.499999500000000 1.219276949540850 1.440031033056199 -0.576431894904715
0.533332800000000 1.253021485963284 1.436687130671616 -0.557011317533714
0.566666100000000 1.292218479248891 1.432967785393171 -0.528136821137102
0.599999400000000 1.334676559456150 1.429497240810214 -0.489877902304388
0.633332700000000 1.375068571651767 1.429605974013384 -0.452232831554949
0.666666000000000 1.411642421382395 1.432911963352279 -0.420494551525826
0.699999300000000 1.442733107888229 1.436076588810718 -0.394117860548261
0.733332600000000 1.465487548715582 1.439306072782725 -0.374041280261047
0.766665900000000 1.483212483343322 1.441562160648540 -0.357530738812130
0.799999200000000 1.504820234288235 1.437726534428989 -0.337115207735702
0.833332500000000 1.532142155145748 1.429449006029097 -0.311184655771803
0.866665800000000 1.557464639621138 1.426078906549972 -0.286367652648748
0.899999100000000 1.574543972003426 1.430508138284885 -0.268610078302827
0.933332400000000 1.589210443647831 1.435669862621445 -0.252812842601952
0.966665700000000 1.612968152633063 1.435461064463213 -0.228427396415825
0.999999000000000 1.645604017638488 1.431616971243105 -0.194427763947290
1.033332300000000 1.680103353358033 1.429260376624289 -0.154910195140037
1.066665600000000 1.714778481205135 1.430520172011991 -0.110962713108224
1.099998900000000 1.746818391260554 1.435732774160852 -0.068911130346006
1.133332200000000 1.771522379654921 1.443853539541863 -0.036609482267718
1.166665500000000 1.790621101953690 1.452902271545122 -0.013256528658877
1.199998800000000 1.809724905287100 1.463601124155698 0.008081133612028
1.233332100000000 1.825487655935722 1.477938078578397 0.025600360073247
1.266665400000000 1.837403091021238 1.494019188864329 0.039289890665723
1.299998700000000 1.853991322949680 1.509601831089719 0.056062592211276
1.333332000000000 1.875989890914522 1.523725820505324 0.076515525591934
1.366665300000000 1.896335857010491 1.533894401712323 0.095240513220774
1.399998600000000 1.916235185431952 1.537284948708542 0.112829791252381
1.433331900000000 1.939000097241281 1.533107559206999 0.131311995430564
1.466665200000000 1.962861327434482 1.523028630127207 0.149770274908759
1.499998500000000 1.988951058110410 1.510169017613370 0.170003841815103
1.533331800000000 2.018048187724129 1.498969473788746 0.192349724808609
1.566665100000000 2.046664741935064 1.492776629441384 0.211124940865732
1.599998400000000 2.074071371260239 1.489671992094455 0.225190922056909
1.633331700000000 2.102593206151717 1.487657444045904 0.243021933497313
1.666665000000000 2.132000154457553 1.489786536128367 0.267432287090322
1.699998300000000 2.163126999636564 1.496501686014440 0.294497982632036
