0.000000000000000 -0.000001000000000 2.518401000000000 0.018169000000000
0.033333300000000 0.339118053290459 2.443096214746892 -0.070811952120763
0.066666600000000 0.357805868987886 2.447510154136006 -0.038705809415242
0.099999900000000 0.380949887541562 2.452850556503399 -0.008832014752004
0.133333200000000 0.404560653575501 2.458724744519994 0.021330720710300
0.166666500000000 0.425973105467480 2.464059685286918 0.052988233599278
0.199999800000000 0.446384764000311 2.467651802397666 0.085223917912924
0.233333100000000 0.468201566772582 2.471027411625242 0.112282919236494
0.266666400000000 0.492907127729036 2.474245826591125 0.132781751057393
0.299999700000000 0.517910461122512 2.475405361208983 0.150013834839488
0.333333000000000 0.541269067375929 2.474626692858312 0.165579189714702
0.366666300000000 0.565168564613469 2.472705329714866 0.180079276234246
0.399999600000000 0.590790371075854 2.469523979719955 0.194661096372601
0.433332900000000 0.618504305810925 2.466026392341684 0.209728471151026
0.466666200000000 0.648345537801851 2.464602065766766 0.223150588041409
0.499999500000000 0.678160290033370 2.467251054171657 0.231040574609276
0.533332800000000 0.708130534916534 2.472596476092993 0.236705054690032
0.566666100000000 0.739045910296686 2.476265485163063 0.250021272449073
0.599999400000000 0.769055780558083 2.477231588910799 0.273224889126090
0.633332700000000 0.798379535322216 2.479067688093893 0.300136669459343
0.666666000000000 0.827189486608438 2.482978533613489 0.325008610810839
0.699999300000000 0.853304479799923 2.486853498705571 0.346450689973405
0.733332600000000 0.876680170463100 2.489777667376460 0.367454033457884
0.766665900000000 0.901512522614841 2.491652071368387 0.390089709739718
0.799999200000000 0.933019581538338 2.491454854163046 0.413018541475218
0.833332500000000 0.967499136519682 2.488851059150722 0.436375075191904
0.866665800000000 0.992311074435122 2.484809039613650 0.461757973901035
0.899999100000000 1.005752734228723 2.479343391451161 0.490613959479405
0.933332400000000 1.024403008017932 2.472156121743656 0.526089458914756
0.966665700000000 1.058653010698129 2.464181453071423 0.568108281054699
0.999999000000000 1.098424497017867 2.457395265843116 0.610788643325241
1.033332300000000 1.130130748323267 2.455062086965314 0.648371190659921
1.066665600000000 1.148882486651313 2.458615361391664 0.678202671917194
1.099998900000000 1.156597589578302 2.465893801564037 0.699468764550506
1.133332200000000 1.162718041844355 2.472099600979115 0.719741835177962
1.166665500000000 1.177325333686321 2.475660749770971 0.746897005729067
1.199998800000000 1.195622828548413 2.480810170238929 0.774999901091137
1.233332100000000 1.202354456669064 2.491559620294032 0.789980099562540
1.266665400000000 1.197003861436758 2.504855079323551 0.793013732206586
1.299998700000000 1.198598441618492 2.514960961785025 0.804202411648779
1.333332000000000 1.211859429843546 2.522451672994797 0.825833483635665
1.366665300000000 1.226729562074458 2.528880075319924 0.844660901986430
1.399998600000000 1.244092662557303 2.531424284224648 0.861102074932123
1.433331900000000 1.267926460182588 2.526670176633873 0.881307661349159
1.466665200000000 1.294730730935567 2.515266849426068 0.904134127558546
1.499998500000000 1.323073655529516 2.502213839187200 0.926610976807014
1.533331800000000 1.353419199269895 2.492499037136874 0.948105845828863
1.566665100000000 1.384640686810271 2.487845915081199 0.967141651800347
1.599998400000000 1.415974922678639 2.487123082898000 0.981497993172277
1.633331700000000 1.445858369643222 2.487698936401540 0.997088487644408
1.666665000000000 1.471760223186523 2.489218411801299 1.019242874302361
1.699998300000000 1.489528518520710 2.494237110351358 1.036649658006850
