0.000000000000000 0.000000000000000 1.859424000000000 0.028200000000000
0.033333300000000 0.059012029351364 1.875631554090135 -0.378269995666763
0.066666600000000 0.084639791049494 1.877127233307335 -0.345381081204464
0.099999900000000 0.110829610271706 1.880559610380398 -0.312605003890618
0.133333200000000 0.135851675739032 1.885780112535935 -0.281380595093470
0.166666500000000 0.159291604820613 1.891705803648850 -0.251173975112829
0.199999800000000 0.182395989175445 1.896542370468878 -0.221944613629253
0.233333100000000 0.206847599596259 1.899787180771998 -0.195104326700700
0.266666400000000 0.233282486235193 1.900969206794613 -0.170321377439768
0.299999700000000 0.259313847667775 1.899114521538615 -0.146080214736912
0.333333000000000 0.283183860896051 1.895407019867011 -0.122879036755945
0.366666300000000 0.306881064533227 1.891310686105770 -0.101290091406745
0.399999600000000 0.332590240993321 1.886207003356844 -0.080126438367659
0.433332900000000 0.361622417127266 1.880414268607100 -0.058591080344926
0.466666200000000 0.393414658908678 1.876043170951504 -0.037615299590896
0.499999500000000 0.425224628828217 1.874430394881345 -0.018826810772805
0.533332800000000 0.457305598099169 1.875148332614076 -0.000899210822798
0.566666100000000 0.490777756590934 1.875959314464572 0.020227441954947
0.599999400000000 0.523672089270418 1.876194761065985 0.045415416092374
0.633332700000000 0.555224122621187 1.878471203139105 0.071819494627427
0.666666000000000 0.585564624522663 1.882738299292602 0.096978106078701
0.699999300000000 0.612926093914050 1.886101003213228 0.121096661072856
0.733332600000000 0.636336649130426 1.888160961946691 0.146821480158678
0.766665900000000 0.658985887884258 1.889770813606746 0.174798275835832
0.799999200000000 0.685915523614611 1.890496505552766 0.202303131329277
0.833332500000000 0.715870919605087 1.889310778895550 0.228591921344543
0.866665800000000 0.740847087395522 1.885075037999648 0.255598962791188
0.899999100000000 0.758539508361419 1.877776482021607 0.285551536965573
0.933332400000000 0.778644747528129 1.870464504380320 0.320167969147996
0.966665700000000 0.808814946829203 1.865777197430246 0.357713776803843
0.999999000000000 0.843671098997898 1.863098338484564 0.394519502613254
1.033332300000000 0.874615673205729 1.862223924948085 0.428495756888888
1.066665600000000 0.898863628449543 1.863186543477817 0.458270064921026
1.099998900000000 0.917184103871178 1.864501644024981 0.483332558267030
1.133332200000000 0.932538345581240 1.865138198719988 0.507359731760743
1.166665500000000 0.950503779137865 1.866502891990939 0.534970274021580
1.199998800000000 0.970673507028814 1.870568688308401 0.562963465777216
1.233332100000000 0.983954653808527 1.876665645035053 0.582878933803893
1.266665400000000 0.990077118307120 1.882258805357845 0.595461589604900
1.299998700000000 1.000966798307376 1.887331297034616 0.611133499975910
1.333332000000000 1.019152448088486 1.892951209053952 0.631930916787278
1.366665300000000 1.037625325592552 1.897279200326184 0.652236555202274
1.399998600000000 1.057281749249446 1.897577588957712 0.672207669651049
1.433331900000000 1.081148107487228 1.891835579856235 0.694251832178341
1.466665200000000 1.107009506217894 1.880157876493240 0.717741478332914
1.499998500000000 1.134462137075814 1.866727820870341 0.741469566610296
1.533331800000000 1.164193808860679 1.856280177487527 0.765478361236063
1.566665100000000 1.195250234488718 1.850306925483071 0.788994715636782
1.599998400000000 1.226889119222005 1.847570439890682 0.810334770873581
1.633331700000000 1.257627051702600 1.846302440629607 0.832264039020407
1.666665000000000 1.286785589876054 1.846612368121980 0.861214207400064
1.699998300000000 1.316244221912064 1.849243818018168 0.898059774455343
