0.000000000000000 0.000000000000000 0.859424000000000 1.028200000000000
0.033333300000000 0.628248720514695 0.792615303604316 0.330986932827460
0.066666600000000 0.657686062311036 0.797552483478902 0.366051509085100
0.099999900000000 0.685786095241066 0.802543343381314 0.399649142097342
0.133333200000000 0.712135594335477 0.807818963414345 0.429883495207445
0.166666500000000 0.735932034124560 0.810436510928375 0.454759826253789
0.199999800000000 0.760010508065921 0.810231663448327 0.475400720749228
0.233333100000000 0.788337562115334 0.811456100732573 0.495840594193713
0.266666400000000 0.820045910577277 0.814792643167735 0.519554811801505
0.299999700000000 0.850301091690901 0.817264798803686 0.546982015384097
0.333333000000000 0.876880931700266 0.817713972303411 0.574330747564080
0.366666300000000 0.902232740428550 0.815995243117578 0.598176190896940
0.399999600000000 0.929717628017700 0.812600383070406 0.620450258748774
0.433332900000000 0.961474770373774 0.809351902065484 0.643550330827282
0.466666200000000 0.998675708666030 0.809160719916829 0.666246119525732
0.499999500000000 1.041140690552365 0.815357266033103 0.687580658512317
0.533332800000000 1.084047242413586 0.825406973871959 0.709901739534133
0.566666100000000 1.118443676820200 0.831106356774060 0.737386970503608
0.599999400000000 1.142493626983303 0.830231278074659 0.768616838042936
0.633332700000000 1.164711384346743 0.827890816500619 0.796254535887039
0.666666000000000 1.191038186150959 0.827737481330979 0.818348357939319
0.699999300000000 1.221250405691751 0.829272220349917 0.837374858013011
0.733332600000000 1.256124653331225 0.830620425716869 0.852137610755116
0.766665900000000 1.293220887218746 0.830107900002673 0.863899484042079
0.799999200000000 1.325160683864124 0.826067601793222 0.879323613987543
0.833332500000000 1.352121270683132 0.819361782628294 0.899706394545469
0.866665800000000 1.383670869813677 0.813824797369096 0.918321006114484
0.899999100000000 1.425255298723275 0.809528201414855 0.929240643493627
0.933332400000000 1.469524654104485 0.801190656441491 0.936072501363123
0.966665700000000 1.505842453709399 0.786815232386086 0.949316458204479
0.999999000000000 1.534205363475777 0.773102229235605 0.973372602634429
1.033332300000000 1.559758202858019 0.769000391174994 1.007669322641279
1.066665600000000 1.583914412082981 0.777893093382655 1.052276420967621
1.099998900000000 1.610012806716073 0.796748750076357 1.099686471192550
1.133332200000000 1.641548625409052 0.816160660469449 1.137399847423488
1.166665500000000 1.674952051939568 0.827130392308214 1.163364662075701
1.199998800000000 1.707044341493015 0.836302601258592 1.185901388309770
1.233332100000000 1.739562367016890 0.859530062780104 1.210965067268814
1.266665400000000 1.771468492589544 0.893653679744520 1.237401949613591
1.299998700000000 1.800122550132666 0.919488933813944 1.262770856394325
1.333332000000000 1.826596558157298 0.934667147416679 1.287465558379282
1.366665300000000 1.853069829085057 0.949130993036445 1.312588914732485
1.399998600000000 1.879884403455499 0.959760192411173 1.338408393177998
1.433331900000000 1.907011290294409 0.959176584304680 1.363652460576879
1.466665200000000 1.934786941631748 0.949622926377693 1.387733436518323
1.499998500000000 1.962372821886512 0.938335296847559 1.414263160006435
1.533331800000000 1.990887097766965 0.931051553199908 1.444102114781536
1.566665100000000 2.024870966920813 0.930434125182710 1.471316832811952
1.599998400000000 2.063374316533252 0.935781797767623 1.495122319515166
1.633331700000000 2.097755016624589 0.941882014103849 1.522342798756573
1.666665000000000 2.120128572653627 0.942780038945267 1.560232514592642
1.699998300000000 2.125612489284731 0.937295441163284 1.614490626472415
