0.000000000000000 1.000000000000000 0.859424000000000 0.028200000000000
0.033333300000000 0.659473727821344 0.806489942408980 -1.082813793341805
0.066666600000000 0.689701791220586 0.809150170561871 -1.047752044014380
0.099999900000000 0.717729028303421 0.813091725909199 -1.014164275809498
0.133333200000000 0.743695985530151 0.819501446249764 -0.983929597567707
0.166666500000000 0.769108058598001 0.830005953483895 -0.958929102866831
0.199999800000000 0.795475181976069 0.842316165863796 -0.938003977703837
0.233333100000000 0.822862889486570 0.851532352186349 -0.917383342710599
0.266666400000000 0.850272588842767 0.854108249812577 -0.893788964848459
0.299999700000000 0.876017706253770 0.850065997383612 -0.866617198363259
0.333333000000000 0.898790313246065 0.843027599395912 -0.839486496383561
0.366666300000000 0.920089071723128 0.836096211439198 -0.815781765516627
0.399999600000000 0.944011470177052 0.829263437313435 -0.793592890769520
0.433332900000000 0.973723076282649 0.822844775401518 -0.770545819146793
0.466666200000000 1.007001673226427 0.818221416855352 -0.747913907516868
0.499999500000000 1.039120361226344 0.815117109738776 -0.726631440359125
0.533332800000000 1.071399171730554 0.812954153519295 -0.704200432719789
0.566666100000000 1.108336591140110 0.811546011659095 -0.676655192841615
0.599999400000000 1.147963963172271 0.811797027902475 -0.645465993280098
0.633332700000000 1.184955932607082 0.816441421176599 -0.617767765780247
0.666666000000000 1.217858799722142 0.824187033596203 -0.595606396997538
0.699999300000000 1.245329366007407 0.830999152436837 -0.576632645989596
0.733332600000000 1.263533892057413 0.837381024143312 -0.562040382812318
0.766665900000000 1.274478530483712 0.843039369899836 -0.550130749421943
0.799999200000000 1.286702736060885 0.843344431724776 -0.534261366619664
0.833332500000000 1.304721515794923 0.839335314175745 -0.513571469596632
0.866665800000000 1.325606514146971 0.838447267576673 -0.494485514454376
0.899999100000000 1.342422475580370 0.843496032867596 -0.482136311765518
0.933332400000000 1.354272848431174 0.850555117230586 -0.472572298187155
0.966665700000000 1.370420635222266 0.855198192843805 -0.456736421952123
0.999999000000000 1.395562331317638 0.856606112120855 -0.431549178525320
1.033332300000000 1.427543192103300 0.856354025107308 -0.397637951078583
1.066665600000000 1.466719106001088 0.855116950451999 -0.354955520160672
1.099998900000000 1.508873307063227 0.854086056543222 -0.309740091242364
1.133332200000000 1.543052240023020 0.855884942355216 -0.272820150837261
1.166665500000000 1.567188143246476 0.861862335148002 -0.246309283249870
1.199998800000000 1.589646578739500 0.871004800959911 -0.223003691046663
1.233332100000000 1.614406259790428 0.879941566172694 -0.197551641667637
1.266665400000000 1.640973480924458 0.887658271414584 -0.170765336971879
1.299998700000000 1.670831150468670 0.897883113648164 -0.145354465623530
1.333332000000000 1.702415827210905 0.910026488260539 -0.121069845498793
1.366665300000000 1.731485762007831 0.918184188874374 -0.096048586523646
1.399998600000000 1.759192036539120 0.919651821148141 -0.070074716810457
1.433331900000000 1.787835751225524 0.914931361684775 -0.044835931694409
1.466665200000000 1.816812910857916 0.905137929721220 -0.020848550138985
1.499998500000000 1.848144017231361 0.892624615363152 0.005411743502449
1.533331800000000 1.882724070809968 0.881618105653205 0.034897696017833
1.566665100000000 1.917272741746595 0.875336067330973 0.062279279742366
1.599998400000000 1.951054876989219 0.871802600725096 0.086828669083443
1.633331700000000 1.986215004878408 0.869670627316607 0.114385291799091
1.666665000000000 2.029083249682873 0.875018973698251 0.150580363456858
1.699998300000000 2.088631478659144 0.890990644494739 0.201519193407120
