0.000000000000000 0.104159000000000 0.480695000000000 1.020250000000000
0.033333300000000 0.555684293460699 -0.228270014558260 -0.069781960840049
0.066666600000000 0.603598148390585 -0.230099668430228 -0.042893846094723
0.099999900000000 0.671060023571023 -0.201031168512607 0.006974846018221
0.133333200000000 0.758119001508970 -0.139982559440284 0.078399208529566
0.166666500000000 0.856270699201248 -0.049270502681795 0.159777581887625
0.199999800000000 0.950089609105049 0.060769300380420 0.236209419960035
0.233333100000000 1.019324450860553 0.181288818617763 0.315804807445821
0.266666400000000 1.051529334458098 0.317697160878880 0.410482665375171
0.299999700000000 1.055294120342452 0.475152182565069 0.497066840373406
0.333333000000000 1.049837892721300 0.629956142389839 0.544911998718248
0.366666300000000 1.055135555948831 0.739405375909614 0.558372358962960
0.399999600000000 1.078185145639961 0.789525989361490 0.567488171208476
0.433332900000000 1.110571349874676 0.796636486691183 0.588396304091048
0.466666200000000 1.147312997828897 0.778460835742961 0.613772981946336
0.499999500000000 1.186687508330501 0.744738790114075 0.635381710407611
0.533332800000000 1.225239955051628 0.693581565172571 0.657339735335987
0.566666100000000 1.254552152821172 0.626777701555918 0.685720866196640
0.599999400000000 1.271799512875749 0.557590144244639 0.717147019209062
0.633332700000000 1.285461296184869 0.493523906170479 0.743832391899846
0.666666000000000 1.301428546211665 0.430425223463643 0.763901384576817
0.699999300000000 1.319124550599000 0.368123280577109 0.777085608398345
0.733332600000000 1.338592205397726 0.312887135653769 0.780604943380923
0.766665900000000 1.357748235871437 0.268237350758616 0.777076983048336
0.799999200000000 1.370686707336563 0.230218474990683 0.775103827906350
0.833332500000000 1.377117399611810 0.192001011311971 0.775633014059572
0.866665800000000 1.385413876140162 0.149094852948263 0.770249434470447
0.899999100000000 1.400246757373661 0.100399525732174 0.755666468026929
0.933332400000000 1.416697386024195 0.049306654185733 0.740769818809417
0.966665700000000 1.429542270327824 -0.004222282505875 0.732152518851446
0.999999000000000 1.440486576098966 -0.057781267026664 0.727563719315169
1.033332300000000 1.454069245758812 -0.102335312015677 0.730778759723951
1.066665600000000 1.471464127253900 -0.138353122646972 0.748123264538459
1.099998900000000 1.492402938320248 -0.175183241559675 0.772659322294304
1.133332200000000 1.524961653678804 -0.203645246329021 0.798526035275562
1.166665500000000 1.582278966931904 -0.200214683133902 0.836507978376838
1.199998800000000 1.673435546383044 -0.157214675910276 0.882667414332624
1.233332100000000 1.801940104111662 -0.081240898478843 0.905369722621756
1.266665400000000 1.940265418704805 0.026037713687742 0.910237816242113
1.299998700000000 2.038849417271363 0.170031893877486 0.964353265902113
1.333332000000000 2.078592349531643 0.348557915815779 1.064399011981118
1.366665300000000 2.076098869956686 0.531810120722216 1.152212682325911
1.399998600000000 2.056746386474247 0.666387500223048 1.224527482810619
1.433331900000000 2.054803830217470 0.735340969227038 1.279320486660923
1.466665200000000 2.079576945598021 0.772286455289856 1.312433277128983
1.499998500000000 2.107618956949253 0.793503768988059 1.344487267501961
1.533331800000000 2.132311775750449 0.791343960905805 1.381271298253255
1.566665100000000 2.162460283668227 0.760077421045136 1.414079628895770
1.599998400000000 2.197823954095985 0.700639237010511 1.443166599356611
1.633331700000000 2.228323882483502 0.628898726496725 1.472760970719879
1.666665000000000 2.247121211538423 0.552567049291732 1.509923323635858
1.699998300000000 2.244257790527580 0.459703750216548 1.566213685768704
