0.000000000000000 0.150030000000000 1.709310000000000 -0.061551000000000
0.033333300000000 -0.041628627163669 1.652159942566752 -0.770827326745662
0.066666600000000 -0.015469480595572 1.659024528212384 -0.734973116278458
0.099999900000000 0.009956075651927 1.663737839407463 -0.708528060239499
0.133333200000000 0.029519304454420 1.668249256236310 -0.693430552173474
0.166666500000000 0.042189977575224 1.675518574072412 -0.685412708553271
0.199999800000000 0.053031608158013 1.687774659799480 -0.671706078808757
0.233333100000000 0.068083280189533 1.701333576670328 -0.650486732554846
0.266666400000000 0.085661470351764 1.709198002303917 -0.632961219269440
0.299999700000000 0.100856453992150 1.709512463244325 -0.619479550633817
0.333333000000000 0.118715627519009 1.702859760789228 -0.606531501752986
0.366666300000000 0.151649515467154 1.685382797012618 -0.608640389176491
0.399999600000000 0.208412621110030 1.657228161340007 -0.632395767824673
0.433332900000000 0.273019919492576 1.643405631282786 -0.627853213065630
0.466666200000000 0.308202354711967 1.673153300688017 -0.527389945396293
0.499999500000000 0.334624883675792 1.704670393609984 -0.348730080106634
0.533332800000000 0.389981404820612 1.707602833520508 -0.207044648561159
0.566666100000000 0.446434008216590 1.705350397957496 -0.153103168611998
0.599999400000000 0.492516374756329 1.706386697621754 -0.145550900839356
0.633332700000000 0.532042772786119 1.708812004338395 -0.146220232947950
0.666666000000000 0.560212117436447 1.709389487029925 -0.153430961479893
0.699999300000000 0.575891729804282 1.703172809958812 -0.177584162236241
0.733332600000000 0.581617783686049 1.688104175988778 -0.207562407572465
0.766665900000000 0.588499037821013 1.669217659255186 -0.221302022079222
0.799999200000000 0.608438844895749 1.650141982365972 -0.216995100905378
0.833332500000000 0.634962542682232 1.628040607495929 -0.211468905368560
0.866665800000000 0.655444562087057 1.596828806488919 -0.222016362193133
0.899999100000000 0.670227267021822 1.554528526885141 -0.245745046801448
0.933332400000000 0.686350385735837 1.512601387975215 -0.263903722611315
0.966665700000000 0.706643831399648 1.482245689330179 -0.271543575498542
0.999999000000000 0.728596102456447 1.463700628083855 -0.271598541326318
1.033332300000000 0.748363418516240 1.459922108285842 -0.256964150013283
1.066665600000000 0.764975849304206 1.470426813348225 -0.227437426069178
1.099998900000000 0.776391843059572 1.483863074513956 -0.195264475638434
1.133332200000000 0.783634926492546 1.496631848899587 -0.164886043075493
1.166665500000000 0.798081842195770 1.516675452410727 -0.132315209677218
1.199998800000000 0.827979030829612 1.545676952189024 -0.092080421233075
1.233332100000000 0.856661023414315 1.572479066839255 -0.038549490508908
1.266665400000000 0.876625138148276 1.594765359537411 0.022634291636099
1.299998700000000 0.908727853227312 1.632421807603506 0.087764551846903
1.333332000000000 0.969009100296509 1.684762213914204 0.162501700124690
1.366665300000000 1.047166247771135 1.723783668141209 0.248848748807560
1.399998600000000 1.118387774538195 1.739175442808870 0.341057721653331
1.433331900000000 1.172638437621836 1.739848857082026 0.426458759957933
1.466665200000000 1.214781794712910 1.732450630271670 0.498467474882035
1.499998500000000 1.251190981569345 1.720783432507303 0.559549759436921
1.533331800000000 1.287191071707950 1.709279846798307 0.609909403456127
1.566665100000000 1.324892643250456 1.700231393152971 0.649528160176227
1.599998400000000 1.362388761160413 1.693044930725693 0.680567193700018
1.633331700000000 1.397290595090335 1.687538501919504 0.709180201634243
1.666665000000000 1.435034031648532 1.683678004369238 0.752221035985126
1.699998300000000 1.439932699592023 1.682310047765466 0.804585922900347
