0.000000000000000 1.135031000000000 0.761227000000000 0.023149000000000
0.033333300000000 1.099785545508281 0.894906747498628 -0.772756571939185
0.066666600000000 1.121297540222220 0.894987744546735 -0.751434236437500
0.099999900000000 1.142385833719080 0.893288112367077 -0.725035539240613
0.133333200000000 1.162349313227378 0.898251797317945 -0.701337327692239
0.166666500000000 1.181469319542845 0.915059667160600 -0.688108400360089
0.199999800000000 1.197830516488702 0.935867577532729 -0.689971859648888
0.233333100000000 1.208884383338013 0.944749671759538 -0.699640343946988
0.266666400000000 1.215640022336478 0.938381950573625 -0.705442365118202
0.299999700000000 1.222441806033605 0.927587783047231 -0.702560993957086
0.333333000000000 1.237311092981692 0.915940597680083 -0.682458144664614
0.366666300000000 1.266812705474259 0.890122900797884 -0.623976483018853
0.399999600000000 1.306900559225096 0.846903372099507 -0.518551924565364
0.433332900000000 1.342846656294557 0.810339791134510 -0.433599528179935
0.466666200000000 1.371519646236539 0.811559617699438 -0.470161433212586
0.499999500000000 1.372309810427843 0.848238312195500 -0.605627953989705
0.533332800000000 1.356618342614823 0.872380985123784 -0.701291478943096
0.566666100000000 1.386622508290185 0.861802533689998 -0.682947495215232
0.599999400000000 1.455427932793177 0.839903513298463 -0.590826835035242
0.633332700000000 1.520154381051307 0.827230699718594 -0.496523370025588
0.666666000000000 1.574546490241574 0.829046003859668 -0.422472903703943
0.699999300000000 1.625347526962079 0.840333409905745 -0.351977767853591
0.733332600000000 1.675267491379648 0.866790434184905 -0.282638995225115
0.766665900000000 1.725928197593021 0.906012997302928 -0.215303241813144
0.799999200000000 1.777102702008002 0.939872936920072 -0.139502506323838
0.833332500000000 1.827309928398216 0.971382458001513 -0.058595685448170
0.866665800000000 1.872779126240259 1.014756809785208 0.013676625528799
0.899999100000000 1.909554859810447 1.066165288543506 0.073364490963420
0.933332400000000 1.939332541752539 1.112753653510669 0.118744874511231
0.966665700000000 1.966844025434370 1.148429665408524 0.148842891604829
0.999999000000000 1.992927878727254 1.173022509998389 0.167985149490680
1.033332300000000 2.017129609875945 1.186168325744716 0.180704272723739
1.066665600000000 2.039565456961078 1.189551481916093 0.188246141099936
1.099998900000000 2.058340451268655 1.189612057929910 0.187209758840247
1.133332200000000 2.073347350694209 1.192428482155235 0.182049987643818
1.166665500000000 2.088963636014971 1.187668732956328 0.186496965272089
1.199998800000000 2.107824020694893 1.158314731850888 0.204920822903891
1.233332100000000 2.120830991223837 1.108556484018302 0.212274287162100
1.266665400000000 2.119492112244734 1.045743688684582 0.196183514235895
1.299998700000000 2.111682265386730 0.983282982994837 0.175979642560540
1.333332000000000 2.115248857569154 0.935015776393479 0.179149020050060
1.366665300000000 2.134625989195290 0.891420879043430 0.219422089817089
1.399998600000000 2.159038688666223 0.851397158932103 0.269239751778092
1.433331900000000 2.182856571019804 0.823931056833160 0.296780924414598
1.466665200000000 2.208291130349773 0.809106124851058 0.307060685028681
1.499998500000000 2.236889153710452 0.801802703261167 0.314323399512212
1.533331800000000 2.265593717939226 0.793825601262895 0.325419999314557
1.566665100000000 2.294022209470140 0.781742585624034 0.343867189143098
1.599998400000000 2.325817660171998 0.769807899134559 0.371212098480755
1.633331700000000 2.359775629195577 0.761527331828663 0.405225752940984
1.666665000000000 2.392030442285466 0.753631538017634 0.443297298883362
1.699998300000000 2.471528391421030 0.842219785001716 0.478516737144676
