0.000000000000000 0.146367000000000 0.691719000000000 0.933590000000000
0.033333300000000 0.428478873995929 0.977227525656423 0.390755889985315
0.066666600000000 0.458411424377505 0.970946296265121 0.417327063949431
0.099999900000000 0.485426321841416 0.980932800762892 0.446251452751666
0.133333200000000 0.510901224649698 1.006784325404987 0.471278022071784
0.166666500000000 0.536836342492588 1.037665729235059 0.486883837862325
0.199999800000000 0.568749295884686 1.054268458512365 0.493847708176419
0.233333100000000 0.607532475134791 1.058262655723301 0.498976110500170
0.266666400000000 0.648206228967440 1.070320995921184 0.507735967332287
0.299999700000000 0.686148263869461 1.090868618897579 0.520925536110986
0.333333000000000 0.713608908923891 1.109139678921932 0.542123748240325
0.366666300000000 0.716078073164990 1.139377607627484 0.578418713803750
0.399999600000000 0.686226957898879 1.191434859955939 0.624799734345042
0.433332900000000 0.669248424386948 1.198744138832575 0.664853095332424
0.466666200000000 0.734859336005845 1.067028989382795 0.687676970628018
0.499999500000000 0.882862440619917 0.849254061372699 0.648019093410968
0.533332800000000 1.006259448468580 0.699534214027805 0.586560733251811
0.566666100000000 1.040564735372462 0.654555558265826 0.600985257503844
0.599999400000000 1.014360230787647 0.661649699037304 0.668091566367291
0.633332700000000 0.989273818418262 0.686415243057910 0.732104937000124
0.666666000000000 0.992686893729324 0.732679624126763 0.787214498993453
0.699999300000000 1.008010352532723 0.810740922320601 0.843517836792706
0.733332600000000 1.025377144630288 0.905313355217215 0.895218908622639
0.766665900000000 1.040167455108350 0.981679061738260 0.940204236397507
0.799999200000000 1.046624129817633 1.030606279456209 0.987155917509531
0.833332500000000 1.048110143620918 1.076041935744956 1.033688513175285
0.866665800000000 1.047350485956145 1.143083601880586 1.068849822530234
0.899999100000000 1.041724209399031 1.228770262682508 1.089051584089968
0.933332400000000 1.038414066227941 1.306132247262144 1.099632890033147
0.966665700000000 1.045250818896252 1.363245330256272 1.105770716073693
0.999999000000000 1.061119547322573 1.404424978618513 1.111052919543866
1.033332300000000 1.087874990972947 1.423637218734571 1.124783223861498
1.066665600000000 1.125804844835472 1.422127408138611 1.148527690905102
1.099998900000000 1.169294031058487 1.418868206956591 1.171195918441052
1.133332200000000 1.210993471880484 1.417544783202872 1.190444315344324
1.166665500000000 1.247182356474206 1.405494525212836 1.213700418539029
1.199998800000000 1.283097090711305 1.376326001683524 1.245827764474762
1.233332100000000 1.335047492768497 1.335967325711825 1.280927306353427
1.266665400000000 1.404248853279501 1.291736888522005 1.309334474486430
1.299998700000000 1.464734876898139 1.221346086283174 1.331823799511851
1.333332000000000 1.487277349445722 1.109231373177619 1.356642691954114
1.366665300000000 1.469390776994953 0.979214064624346 1.386017611836971
1.399998600000000 1.445143384780770 0.858125439723949 1.410072283688012
1.433331900000000 1.441654891023509 0.754770628913122 1.417953340335355
1.466665200000000 1.453882136173229 0.667996696754837 1.412567754318105
1.499998500000000 1.476924916586598 0.599315924042313 1.406405879902468
1.533331800000000 1.507110835146346 0.553434671445164 1.410826190015794
1.566665100000000 1.538161969751131 0.527957758620273 1.428053169976456
1.599998400000000 1.569619178861405 0.517284698488191 1.455456799385430
1.633331700000000 1.599741139310596 0.513414412538975 1.487805188782911
1.666665000000000 1.613969500648408 0.492090490904736 1.509790680585726
1.699998300000000 1.687895821900679 0.469630940923406 1.507248106694726
