0.000000000000000 0.161660000000000 2.343432000000000 -0.014483000000000
0.033333300000000 0.145310019028422 2.232056684825425 -0.073360650424142
0.066666600000000 0.184075607099213 2.226738770954000 -0.023109599696212
0.099999900000000 0.225425151054478 2.224574793303991 0.021108805154787
0.133333200000000 0.267363970829593 2.220144972327749 0.070322872604805
0.166666500000000 0.308873608509574 2.207352056493706 0.132305261163309
0.199999800000000 0.354477675013141 2.185987403805321 0.200161315260282
0.233333100000000 0.412185450238232 2.163591545104118 0.258096821924253
0.266666400000000 0.482267625230139 2.142265273766689 0.303829739022975
0.299999700000000 0.549765809761808 2.119956179329283 0.343792747587379
0.333333000000000 0.594788282918318 2.107885242818976 0.371772587989239
0.366666300000000 0.616859710257958 2.114385956790589 0.380420042138236
0.399999600000000 0.631556325485750 2.124860683210743 0.384437496523770
0.433332900000000 0.651058858707087 2.127523215849713 0.398197534293696
0.466666200000000 0.674625044787201 2.132569913098817 0.409850649686986
0.499999500000000 0.696269718127333 2.153763501214529 0.399025336656992
0.533332800000000 0.716594438480341 2.181871772020594 0.376410021035175
0.566666100000000 0.739811186954828 2.197173988991195 0.375276963534809
0.599999400000000 0.760403930638970 2.198114058281557 0.403717945756506
0.633332700000000 0.776004221400337 2.200237471916921 0.433907512901813
0.666666000000000 0.788513669337351 2.209624397034862 0.451576027614430
0.699999300000000 0.797195069824473 2.219961472798214 0.464429549692253
0.733332600000000 0.792862155492702 2.229395869309416 0.478060601374899
0.766665900000000 0.770640660993569 2.240634780810544 0.486637154782162
0.799999200000000 0.741556245443988 2.254613706967987 0.478821327361595
0.833332500000000 0.715468721551868 2.264160239075078 0.465488102743500
0.866665800000000 0.693203422644988 2.261749293149670 0.470262955794703
0.899999100000000 0.675420576685334 2.250481400922746 0.492358262859866
0.933332400000000 0.670266653138560 2.236562688031947 0.527758225997423
0.966665700000000 0.687798495198804 2.220166247590492 0.587142619147665
0.999999000000000 0.726094359015794 2.200206796190385 0.666800537827627
1.033332300000000 0.774113050439580 2.180170816154548 0.749499439686385
1.066665600000000 0.827533466417986 2.161745213315782 0.829398714993428
1.099998900000000 0.887507841851411 2.142672411722397 0.906394139017207
1.133332200000000 0.946503333282622 2.121305869024691 0.978298770244387
1.166665500000000 1.000414918125640 2.102802899378196 1.039749110747381
1.199998800000000 1.051456225176035 2.102069817668419 1.076385088276570
1.233332100000000 1.103546369898948 2.129758383439036 1.073997313319337
1.266665400000000 1.167313760915906 2.169277178525134 1.045655719993872
1.299998700000000 1.243091643515631 2.186150513214558 1.043020305604209
1.333332000000000 1.301785690285348 2.182045579832672 1.075734143918682
1.366665300000000 1.322583426129953 2.189181459189073 1.095540957110309
1.399998600000000 1.329399564421778 2.208496895817066 1.090408243439562
1.433331900000000 1.345857430209741 2.214712946959691 1.093907161990019
1.466665200000000 1.367915263368392 2.202235590386787 1.120262723180232
1.499998500000000 1.391296820104873 2.184599141008975 1.153940934477509
1.533331800000000 1.421149178342484 2.173524457526090 1.180831629249318
1.566665100000000 1.456190689215129 2.173038049913777 1.194360930765512
1.599998400000000 1.488569647665868 2.181302207295125 1.195039970074286
1.633331700000000 1.515890031842162 2.190959368483428 1.195983355582750
1.666665000000000 1.541242966055745 2.198380765070943 1.206781361125305
1.699998300000000 1.484866205460772 2.200422576729232 1.245035550472460
