0.000000000000000 1.170913000000000 0.655126000000000 -0.016561000000000
0.033333300000000 1.144244894988079 0.786905803194536 -0.794687957564927
0.066666600000000 1.164952080313666 0.786922144806125 -0.774627586930834
0.099999900000000 1.185331998869423 0.784824924140239 -0.747689172586136
0.133333200000000 1.205256674461889 0.789418914909090 -0.722222400772429
0.166666500000000 1.225165179752168 0.806258328686345 -0.707467242571801
0.199999800000000 1.242066385786288 0.827386229422391 -0.709891895701268
0.233333100000000 1.252181307516369 0.836212139157583 -0.721245973538623
0.266666400000000 1.257044339334114 0.829130277077405 -0.727158225020299
0.299999700000000 1.262414559302951 0.817535245422866 -0.722869664275413
0.333333000000000 1.276783880422750 0.805329944277838 -0.700596685303502
0.366666300000000 1.306009963140867 0.778622412977741 -0.636347326841019
0.399999600000000 1.344660232014137 0.734240305169057 -0.520302548936712
0.433332900000000 1.377795702523096 0.696801758671665 -0.430516740937617
0.466666200000000 1.404971671038089 0.698171767426498 -0.482243664125608
0.499999500000000 1.400869836449812 0.740049129524962 -0.645643574585986
0.533332800000000 1.376079230760082 0.770647052423341 -0.759543560407190
0.566666100000000 1.402913778444885 0.761630976934296 -0.744770473916779
0.599999400000000 1.474598930437480 0.738371400566063 -0.649525447952562
0.633332700000000 1.542986204866602 0.724002543874572 -0.550786431930622
0.666666000000000 1.601121582560189 0.723958403968657 -0.471177986009632
0.699999300000000 1.656746185337359 0.732998750899364 -0.392167577775249
0.733332600000000 1.712856489815910 0.758193783266926 -0.312898827720274
0.766665900000000 1.770108658098802 0.797975625779843 -0.237615513971760
0.799999200000000 1.826747825691025 0.833133860547676 -0.155749212719851
0.833332500000000 1.881869429010256 0.866271093389429 -0.068428596886306
0.866665800000000 1.932952881307226 0.912291733894394 0.012315872490827
0.899999100000000 1.975443387585621 0.967661543963030 0.082169659589318
0.933332400000000 2.009705963641866 1.018643644011126 0.136428431140719
0.966665700000000 2.040155042298328 1.057972049367945 0.172607122291302
0.999999000000000 2.067980061606087 1.085115646709439 0.195578218020166
1.033332300000000 2.093040979121860 1.099298024633754 0.209214604239768
1.066665600000000 2.115650746889871 1.102239063278365 0.214880532504929
1.099998900000000 2.134385552365739 1.101488032117506 0.211149744194227
1.133332200000000 2.149505996097581 1.103706714821247 0.203266324661719
1.166665500000000 2.164181290958664 1.097488440754891 0.204708008296000
1.199998800000000 2.179683418137126 1.064829864159069 0.219707113527219
1.233332100000000 2.187912226821740 1.010972502818235 0.222239160475758
1.266665400000000 2.180609629900668 0.943910225525920 0.200235277117136
1.299998700000000 2.164873994813107 0.877090272131830 0.172033461368785
1.333332000000000 2.159673357332210 0.825783170629172 0.164434154165118
1.366665300000000 2.171682076900130 0.781468280863536 0.193749183654662
1.399998600000000 2.191219846351560 0.742663977600844 0.233696904947017
1.433331900000000 2.212059788188406 0.717706061310893 0.252224817557086
1.466665200000000 2.235895349584291 0.706098057454417 0.254628163091799
1.499998500000000 2.263746814894617 0.702000190669552 0.255672323297729
1.533331800000000 2.291575947305304 0.696248031400351 0.262767259215749
1.566665100000000 2.318880146637481 0.685115335171149 0.279314252302859
1.599998400000000 2.350043441224000 0.673225519728425 0.306352405714984
1.633331700000000 2.384002855200498 0.664724502343537 0.340696085742245
1.666665000000000 2.416166373187737 0.657884805638421 0.377177375235613
1.699998300000000 2.504465630769662 0.752039124103459 0.408485237881527
