0.000000000000000 0.167599000000000 0.726859000000000 0.960445000000000
0.033333300000000 0.448632632291453 1.020955453982239 0.400163372821041
0.066666600000000 0.478893059733979 1.014466912231042 0.426984550582673
0.099999900000000 0.506193716130172 1.024403757874691 0.455514261791379
0.133333200000000 0.531684612318430 1.050427737475072 0.479651302260589
0.166666500000000 0.557301318120662 1.081616251519388 0.494390156032845
0.199999800000000 0.588987012902554 1.098375001805181 0.501048928863530
0.233333100000000 0.628121100610025 1.102236992342737 0.505988681401192
0.266666400000000 0.669498130048070 1.114105128008705 0.513770506533856
0.299999700000000 0.707935429698846 1.134588908945573 0.525471314976416
0.333333000000000 0.735557816347842 1.152889749745332 0.545437767881907
0.366666300000000 0.738214634552020 1.183116727476197 0.580335900847180
0.399999600000000 0.709031042724301 1.234871597059999 0.624978714868539
0.433332900000000 0.693095190158465 1.241615908779459 0.665242393238746
0.466666200000000 0.759297072094796 1.109274314505259 0.692670916048709
0.499999500000000 0.908912370685786 0.889358192713533 0.658967472987116
0.533332800000000 1.035013400452673 0.736876228920171 0.600183971415873
0.566666100000000 1.070414624478866 0.690623670681138 0.615644073032319
0.599999400000000 1.043624915180228 0.697562408828257 0.684236657629759
0.633332700000000 1.017481205516108 0.722695125748835 0.749278226552364
0.666666000000000 1.019623583339305 0.770092966532991 0.803991418014831
0.699999300000000 1.033211202546537 0.850130615573826 0.858356171985033
0.733332600000000 1.048247132751499 0.946989760600052 0.907337110156775
0.766665900000000 1.060423719418965 1.025216308481885 0.950254129489637
0.799999200000000 1.064577170600377 1.075379542988771 0.996092031707375
0.833332500000000 1.063850048096325 1.121853574122990 1.041457531467530
0.866665800000000 1.060426845022451 1.190049368203607 1.074330157945185
0.899999100000000 1.051920794842007 1.276714940045303 1.091088544424779
0.933332400000000 1.046198035031305 1.354550892917433 1.098272553976533
0.966665700000000 1.051376866482190 1.411761643833933 1.101841198709455
0.999999000000000 1.066246267187965 1.452876141955420 1.105307273158796
1.033332300000000 1.092570575971435 1.472039830817511 1.118306375651883
1.066665600000000 1.130543861561109 1.470566522095260 1.142363487588767
1.099998900000000 1.174244574909225 1.467332844673578 1.165409775032605
1.133332200000000 1.216054302492595 1.466032586452855 1.184955291887785
1.166665500000000 1.252849443010539 1.454002730903734 1.209047138095880
1.199998800000000 1.290576004287339 1.424704090659912 1.242597079546418
1.233332100000000 1.345030524046848 1.383961610295436 1.279005402523286
1.266665400000000 1.417172072601292 1.339047124986345 1.308095971645488
1.299998700000000 1.481207733905885 1.267553377697800 1.332405976093093
1.333332000000000 1.507437198794079 1.153672248837832 1.361681890643313
1.366665300000000 1.492453736820680 1.021128170075127 1.396885666659224
1.399998600000000 1.469916543682180 0.897264730489508 1.426234360990408
1.433331900000000 1.467383121817519 0.791349036296020 1.438124773168471
1.466665200000000 1.480100251343791 0.702366568187875 1.435765401258680
1.499998500000000 1.503368212666833 0.631927181539841 1.431784343722072
1.533331800000000 1.533855738802322 0.584822226021341 1.437403247700196
1.566665100000000 1.565294592950139 0.558617366283173 1.455083110140979
1.599998400000000 1.596958596204474 0.547706565740712 1.482546921223686
1.633331700000000 1.627059437403276 0.543852192323126 1.514898741523942
1.666665000000000 1.641213278809691 0.521683970427757 1.537876459375344
1.699998300000000 1.712112390807486 0.499658660236476 1.537558209172898
