0.000000000000000 0.126598000000000 0.737659000000000 1.040129000000000
0.033333300000000 0.429345414961240 1.049612317041135 0.483554310195622
0.066666600000000 0.460345996042254 1.042493591380644 0.510756703123123
0.099999900000000 0.488195708733619 1.053105876956380 0.539177408390808
0.133333200000000 0.514065624826981 1.080634102495255 0.562864333683503
0.166666500000000 0.539972369382851 1.113058226332814 0.577205442136766
0.199999800000000 0.572579721810869 1.129730421480236 0.584084482592410
0.233333100000000 0.613751578685131 1.133132317288388 0.589572534286665
0.266666400000000 0.657755340106529 1.145947655861618 0.597409140870553
0.299999700000000 0.698514083311059 1.168350013987006 0.608649963909218
0.333333000000000 0.727052138242164 1.188599595412115 0.627898202194595
0.366666300000000 0.728021428152947 1.222440769873333 0.660939760461073
0.399999600000000 0.694523871064777 1.280132392807377 0.701713740741703
0.433332900000000 0.675544121042678 1.289161227901942 0.739932850858405
0.466666200000000 0.744535230243446 1.147328046415949 0.773177227850038
0.499999500000000 0.904751551674398 0.909161959455740 0.746932014945601
0.533332800000000 1.041241543407481 0.743473989846717 0.689988991560020
0.566666100000000 1.077436975092048 0.693980452697288 0.705570013245989
0.599999400000000 1.044182559693549 0.702504844760532 0.774361699747098
0.633332700000000 1.011611942361700 0.730221062511320 0.839034417886842
0.666666000000000 1.009753195741266 0.781357357204351 0.893002376938255
0.699999300000000 1.020124685060650 0.867352634323284 0.945988381344716
0.733332600000000 1.031809653938303 0.970705799005405 0.992862682587770
0.766665900000000 1.040214998903988 1.053243284404171 1.033640927562229
0.799999200000000 1.040108701736462 1.105773610173151 1.077484633096134
0.833332500000000 1.034847558042273 1.154408073046300 1.120491208008084
0.866665800000000 1.026753247313541 1.225690306566041 1.150113231167268
0.899999100000000 1.013649139751186 1.316204912083842 1.162664272445959
0.933332400000000 1.004189157040643 1.397256286589684 1.165791190340196
0.966665700000000 1.006915185291851 1.456586768261154 1.166348030419583
0.999999000000000 1.020452510469581 1.499166449739219 1.167816473283905
1.033332300000000 1.046687361052053 1.518859859503295 1.180353747489105
1.066665600000000 1.085770268561649 1.517020418751213 1.205487370534635
1.099998900000000 1.131321739069122 1.513456441458213 1.230043402813289
1.133332200000000 1.175046102529149 1.511803113385994 1.251066170395190
1.166665500000000 1.213634238123065 1.499067099803424 1.276712735507718
1.199998800000000 1.253645101747681 1.469128191519718 1.311950296337432
1.233332100000000 1.312267923355600 1.428001773752177 1.350659704249243
1.266665400000000 1.390914781585674 1.383018123057843 1.382422056365853
1.299998700000000 1.461553565218754 1.309267143291826 1.410000666273816
1.333332000000000 1.491062833944793 1.188968160819012 1.443127202158425
1.366665300000000 1.475077942271194 1.048157815671843 1.481234578979801
1.399998600000000 1.450069571940984 0.916470804358654 1.512167369748175
1.433331900000000 1.446105980643441 0.803485254175702 1.524999725462186
1.466665200000000 1.458131763047361 0.708138379107460 1.523122905674031
1.499998500000000 1.481114736561512 0.632460231230692 1.519258685767365
1.533331800000000 1.511840304841022 0.582031991424524 1.524894945108524
1.566665100000000 1.543633623336467 0.554405396045246 1.542606384526198
1.599998400000000 1.575364691430466 0.543366333551120 1.570080500598412
1.633331700000000 1.605188356428871 0.539787638907046 1.602376722064983
1.666665000000000 1.618046783869394 0.516104604259588 1.624936473402121
1.699998300000000 1.687183927870063 0.487913981571241 1.623511080652727
