0.000000000000000 0.167599000000000 1.726859000000000 -0.039555000000000
0.033333300000000 -0.022689122183830 1.677339313454084 -0.760446825644916
0.066666600000000 0.003692192571032 1.683996243419760 -0.724499105630290
0.099999900000000 0.029304656759826 1.688673543313966 -0.698315221800250
0.133333200000000 0.048900274302463 1.693376952084166 -0.683764182594256
0.166666500000000 0.061419005799718 1.700966397050856 -0.676296022905552
0.199999800000000 0.072194650189130 1.713370623240965 -0.662869470104323
0.233333100000000 0.087554357180824 1.726791988881214 -0.641930589365343
0.266666400000000 0.105657627332750 1.734496256949452 -0.625175819958030
0.299999700000000 0.121242059901298 1.734801400740441 -0.612744769310305
0.333333000000000 0.139235075402250 1.728238463105474 -0.600587121318133
0.366666300000000 0.172182356942492 1.710890652358983 -0.603328808822747
0.399999600000000 0.229053424070866 1.682756121630635 -0.627626944643629
0.433332900000000 0.294004414478286 1.668548737921084 -0.622567729476603
0.466666200000000 0.329673745665080 1.697228375157784 -0.519654873477223
0.499999500000000 0.357531578896982 1.726449104821596 -0.338658723196827
0.533332800000000 0.414743848272181 1.727041274753256 -0.196583789382830
0.566666100000000 0.471786300669819 1.723747224871343 -0.142181666640707
0.599999400000000 0.517293600796175 1.724626244436016 -0.133146499210064
0.633332700000000 0.555956603582222 1.727331169677246 -0.132595608556514
0.666666000000000 0.583256065286806 1.728842284394120 -0.139609734321007
0.699999300000000 0.597859385276255 1.724317356112741 -0.164515441593822
0.733332600000000 0.602172194966444 1.711314159025747 -0.195760965197932
0.766665900000000 0.607433119256352 1.694205177050132 -0.210458328398230
0.799999200000000 0.625852270040709 1.676371223584294 -0.206542352253053
0.833332500000000 0.650853730998455 1.655377215973392 -0.201436899146060
0.866665800000000 0.669523041537162 1.625522306247790 -0.213131506203268
0.899999100000000 0.682338817282652 1.584620602498057 -0.238799896344915
0.933332400000000 0.696791279218830 1.543701487876924 -0.258980912189265
0.966665700000000 0.715929461701609 1.513917850725240 -0.268209584298078
0.999999000000000 0.737191671898208 1.495667131766286 -0.269426157186775
1.033332300000000 0.756702373928226 1.491986934505714 -0.255300068680232
1.066665600000000 0.773435428737788 1.502453342124944 -0.225648499900695
1.099998900000000 0.785128341510826 1.515808096795710 -0.193353893468117
1.133332200000000 0.792588620164971 1.528513422620475 -0.162921913573676
1.166665500000000 0.807527300408220 1.548383677426048 -0.129900368807073
1.199998800000000 0.838647444707884 1.576915069461654 -0.088790315229669
1.233332100000000 0.869069387929192 1.602986197261060 -0.034573383545570
1.266665400000000 0.891142192943447 1.624311940038868 0.026723055199926
1.299998700000000 0.925640180928328 1.660532978879984 0.092683536539295
1.333332000000000 0.988132240298048 1.710791072604448 0.170069127919475
1.366665300000000 1.067759577272826 1.747251753251271 0.260057001995379
1.399998600000000 1.139676323274338 1.760109744847902 0.355515033611919
1.433331900000000 1.194286653942584 1.758591617018426 0.443207636281334
1.466665200000000 1.236610046339405 1.749391418642345 0.516824988284194
1.499998500000000 1.273102892122754 1.736342670194160 0.578998139228134
1.533331800000000 1.309266206676151 1.723897355986639 0.629896349677716
1.566665100000000 1.347180745868657 1.714286340436774 0.669681574689158
1.599998400000000 1.384779584792707 1.706910792022276 0.700737718868477
1.633331700000000 1.419647732441408 1.701412120060176 0.729382733830778
1.666665000000000 1.457242855955981 1.696902955321173 0.773013582082220
1.699998300000000 1.460543975283331 1.696041296828834 0.826656022391212
