0.000000000000000 0.160986000000000 1.688554000000000 0.013527000000000
0.033333300000000 -0.006875595005062 1.655728692226475 -0.700350079280724
0.066666600000000 0.019781904225007 1.661755747687472 -0.664706254498452
0.099999900000000 0.045551630726421 1.666753491854011 -0.638446579605560
0.133333200000000 0.065445185196209 1.672556388186878 -0.623585500156558
0.166666500000000 0.078535861879809 1.681293402169735 -0.615891635413079
0.199999800000000 0.090299399968418 1.693858538964867 -0.602701371361381
0.233333100000000 0.106943857782579 1.706821595893521 -0.582315707212979
0.266666400000000 0.126407893134504 1.714846188003391 -0.565913634930259
0.299999700000000 0.143286363381510 1.716271803225002 -0.553588992464395
0.333333000000000 0.161814399506895 1.711022327247229 -0.541236632605787
0.366666300000000 0.193273243961917 1.696169072348345 -0.542771784480733
0.399999600000000 0.245993765551992 1.672201519066316 -0.564934610876157
0.433332900000000 0.307208106410148 1.659204127247921 -0.558794347186376
0.466666200000000 0.344555560242920 1.679884136664249 -0.457958743212361
0.499999500000000 0.379019496623420 1.696147647830804 -0.284355918351984
0.533332800000000 0.440684473755119 1.688453077351362 -0.150035551082907
0.566666100000000 0.496989399358721 1.682908034023116 -0.097174246653306
0.599999400000000 0.538547193783784 1.684287009835523 -0.085715133480587
0.633332700000000 0.573566492190661 1.688311189710350 -0.082635259232461
0.666666000000000 0.599205813533858 1.692271197162500 -0.087294682686196
0.699999300000000 0.613243940174800 1.692107933559643 -0.109247258145648
0.733332600000000 0.617439617448224 1.684568814581921 -0.137620653321812
0.766665900000000 0.622362026081874 1.671986438256702 -0.150357089597152
0.799999200000000 0.639514277245390 1.657266152344699 -0.145084634049695
0.833332500000000 0.662744671544787 1.639330717722132 -0.138748631146410
0.866665800000000 0.679765793257258 1.613911583119653 -0.149186368282999
0.899999100000000 0.690975830895542 1.578753126252886 -0.173840822642337
0.933332400000000 0.704008810115408 1.543120066214586 -0.193587708015889
0.966665700000000 0.722186499110731 1.517170105435751 -0.202795759423393
0.999999000000000 0.742974560795604 1.501538398352328 -0.204151416747841
1.033332300000000 0.762743362074970 1.498860409809478 -0.190146656535099
1.066665600000000 0.780508478373452 1.508788487122579 -0.160544444224640
1.099998900000000 0.793785878849429 1.521424310035635 -0.128375368445812
1.133332200000000 0.802934759643433 1.533510581997873 -0.098140054121750
1.166665500000000 0.819041991152326 1.551986709403800 -0.065223192347889
1.199998800000000 0.850800633210987 1.578094170967781 -0.024140374708473
1.233332100000000 0.882866774683740 1.601422106141928 0.029737482221527
1.266665400000000 0.908007917848156 1.620078212445980 0.090176369117797
1.299998700000000 0.944767566698967 1.651610381268867 0.154999135321294
1.333332000000000 1.006342976462477 1.694240272861912 0.231086681556358
1.366665300000000 1.082017457636420 1.722576579101260 0.319357526111912
1.399998600000000 1.149747295744439 1.728676611711177 0.412429330471379
1.433331900000000 1.201834982232496 1.721819790747948 0.497240580405836
1.466665200000000 1.242859423314290 1.708383337985451 0.567893433788864
1.499998500000000 1.278775912948890 1.692179873819917 0.627435395231271
1.533331800000000 1.314750648717234 1.677803217491725 0.676522037982659
1.566665100000000 1.352463544618061 1.667294762753694 0.715426379664459
1.599998400000000 1.389835528098298 1.659756197943213 0.746340188237246
1.633331700000000 1.424467451305204 1.654368218205320 0.775124893009644
1.666665000000000 1.460912030503386 1.648903593998617 0.817861123695639
1.699998300000000 1.466634061878612 1.646193915937259 0.869163115699415
