0.000000000000000 0.170840000000000 1.678949000000000 -0.016416000000000
0.033333300000000 -0.003738725269656 1.639034912288090 -0.728588676098836
0.066666600000000 0.022625933380710 1.645296117885588 -0.693112814919356
0.099999900000000 0.048171059018718 1.650084280283762 -0.666752348835026
0.133333200000000 0.067940859144115 1.655377477712363 -0.651596163305352
0.166666500000000 0.080993896930329 1.663670877548209 -0.643628709513533
0.199999800000000 0.092502311616756 1.676240145807246 -0.630462495006195
0.233333100000000 0.108435333342819 1.689371038627002 -0.610229756273456
0.266666400000000 0.126938712560982 1.697120317831071 -0.593688666052138
0.299999700000000 0.142989616400210 1.697939819371588 -0.580971302549973
0.333333000000000 0.161196937796483 1.692060745502251 -0.568181349013906
0.366666300000000 0.193163036294386 1.676051126494218 -0.568871529421611
0.399999600000000 0.247146587347806 1.650231250760938 -0.589468646469528
0.433332900000000 0.309151598494819 1.636591021469405 -0.582685995843731
0.466666200000000 0.345506461631621 1.660402431094307 -0.484519984106653
0.499999500000000 0.376303539213406 1.682861077867962 -0.314389753005080
0.533332800000000 0.434173623299124 1.679857207926755 -0.181174922386367
0.566666100000000 0.490033663589867 1.675558942911770 -0.128535834676425
0.599999400000000 0.533763172177702 1.676450066641055 -0.117363767710822
0.633332700000000 0.571021721523701 1.679582306589132 -0.114309717897270
0.666666000000000 0.598160555110946 1.682157833025072 -0.118640621668034
0.699999300000000 0.613527528004361 1.679764418766120 -0.139800454660504
0.733332600000000 0.619197252629416 1.669778855775610 -0.167016374443891
0.766665900000000 0.625775260194013 1.655524180280622 -0.178699363416038
0.799999200000000 0.644683732156009 1.639856053944714 -0.172582012217090
0.833332500000000 0.669740768088802 1.621072097400406 -0.165274430042841
0.866665800000000 0.688708013810725 1.594495173403351 -0.174265848247740
0.899999100000000 0.701876061895051 1.557969987175607 -0.196974924832421
0.933332400000000 0.716511260476886 1.521255663385296 -0.214838054068866
0.966665700000000 0.735752440888481 1.494631047267426 -0.222642589500681
0.999999000000000 0.757134670183113 1.478554419015379 -0.223050321277556
1.033332300000000 0.777005425990398 1.475720148323779 -0.208776268117107
1.066665600000000 0.794410171459352 1.485757115837501 -0.179577033200327
1.099998900000000 0.807062582676183 1.498490338381547 -0.147963698381417
1.133332200000000 0.815583079504582 1.510682704023346 -0.118260903553872
1.166665500000000 0.831016004808388 1.529373900987458 -0.085989137753803
1.199998800000000 0.861738192436530 1.555690625892788 -0.045690120942861
1.233332100000000 0.892048376863511 1.579182876494024 0.007219590897411
1.266665400000000 0.914611735871060 1.597950288276463 0.066667112572725
1.299998700000000 0.948654991449155 1.630358990791451 0.130115266890873
1.333332000000000 1.008548804895104 1.675306599476535 0.204205630174365
1.366665300000000 1.084041079615309 1.706684042503206 0.290560428491553
1.399998600000000 1.152261557149612 1.715733130731949 0.382228579048323
1.433331900000000 1.204637996356181 1.711556651968409 0.466051613058161
1.466665200000000 1.245796723395662 1.700522197589774 0.536026282521275
1.499998500000000 1.281764412689433 1.686289082968480 0.595150599391040
1.533331800000000 1.317610479530622 1.673180633101367 0.644019827730542
1.566665100000000 1.355142505571604 1.663247548745700 0.682832149853296
1.599998400000000 1.392456807259352 1.655788321728605 0.713731516937953
1.633331700000000 1.427180614002410 1.650308709912634 0.742535021414314
1.666665000000000 1.464050262354227 1.645468365964356 0.785237645965590
1.699998300000000 1.470863564323943 1.644684176321567 0.836516943100506
