0.000000000000000 1.023161000000000 1.355043000000000 0.036901000000000
0.033333300000000 0.734189569468757 1.066633243232938 -1.017253086935095
0.066666600000000 0.763804138565216 1.071226582099544 -0.981603820999008
0.099999900000000 0.792861593976255 1.074427848185141 -0.946148283437468
0.133333200000000 0.819361926658617 1.080178552879074 -0.914613458820868
0.166666500000000 0.845520453302726 1.089371690744037 -0.886546120561200
0.199999800000000 0.872587255416809 1.099905402286478 -0.861401970960972
0.233333100000000 0.900724442460253 1.107422418788882 -0.837352599170576
0.266666400000000 0.929366520231898 1.108559729549302 -0.811843375171141
0.299999700000000 0.956818593585640 1.102968121398168 -0.783516116507107
0.333333000000000 0.981893477426553 1.094349245592981 -0.755016059911725
0.366666300000000 1.005939588326081 1.085137308380639 -0.729207167468969
0.399999600000000 1.032935389354177 1.076112927809089 -0.704178687147115
0.433332900000000 1.065332682414768 1.067057977003894 -0.677773941155930
0.466666200000000 1.101564807327994 1.060480095449694 -0.651693655698210
0.499999500000000 1.136734720051300 1.055455229980691 -0.627835837918660
0.533332800000000 1.172464403883421 1.051723635595473 -0.602945926932173
0.566666100000000 1.212936828882133 1.048194065341798 -0.570743190862477
0.599999400000000 1.255935771445941 1.045480175339097 -0.532138236163669
0.633332700000000 1.296544226196539 1.046648577035138 -0.495731510627418
0.666666000000000 1.333507073530868 1.051012238855211 -0.465075325725902
0.699999300000000 1.365476993541626 1.055052636170529 -0.438627665445639
0.733332600000000 1.389302802459046 1.059114165871040 -0.417769094984596
0.766665900000000 1.407302601818010 1.062416404657226 -0.400428749256458
0.799999200000000 1.427217494690289 1.060004750114002 -0.379142239206198
0.833332500000000 1.452188626683175 1.053272834366775 -0.352585368486683
0.866665800000000 1.478220401412391 1.050838280927767 -0.327835395362149
0.899999100000000 1.499424991476723 1.055557505966111 -0.311028149743529
0.933332400000000 1.516933873379313 1.061416886819401 -0.297640935995923
0.966665700000000 1.539440261880091 1.062844866783799 -0.277077772293089
0.999999000000000 1.569403474869162 1.060828392656276 -0.246654705848904
1.033332300000000 1.603262070201305 1.059372551129467 -0.208578465817433
1.066665600000000 1.640904719493624 1.060821171187075 -0.163233920080929
1.099998900000000 1.678927583844931 1.065249303541029 -0.117432886519353
1.133332200000000 1.709710721320972 1.072263576193601 -0.081722265917893
1.166665500000000 1.732292041731631 1.081140143409063 -0.057672383656360
1.199998800000000 1.753721130404590 1.091894844618925 -0.036514843147643
1.233332100000000 1.774739800899714 1.105462967232360 -0.015900827148937
1.266665400000000 1.794428133275973 1.118953785528286 0.003713458535704
1.299998700000000 1.817358444313449 1.133148734627568 0.023584879531132
1.333332000000000 1.843249810637685 1.147686191909762 0.044025045147093
1.366665300000000 1.866416566465021 1.156651934232383 0.063851577099262
1.399998600000000 1.887781152655427 1.156293925454396 0.083582799053312
1.433331900000000 1.911020809892830 1.149933312507237 0.103068688940805
1.466665200000000 1.936068525882172 1.142440346946386 0.121503191793476
1.499998500000000 1.963976870810975 1.135094832514704 0.141972067561546
1.533331800000000 1.994172165043504 1.126814087155197 0.165362893726538
1.566665100000000 2.022710682057743 1.117040786002424 0.186066564911756
1.599998400000000 2.049320696441318 1.105561350967697 0.203377598398807
1.633331700000000 2.076862571109879 1.094717812860292 0.224516642063734
1.666665000000000 2.106130876751480 1.089938906584693 0.250614551583050
1.699998300000000 2.143977540801398 1.107607970180155 0.279111730996393
