0.000000000000000 1.096441000000000 0.900179000000000 0.020250000000000
0.033333300000000 0.614165935124972 0.923853575167767 -1.259673099307974
0.066666600000000 0.643611966988600 0.940113476099944 -1.224889304555056
0.099999900000000 0.669529752219252 0.952163751059265 -1.192536145967507
0.133333200000000 0.692480963734425 0.960041946684957 -1.164242664086165
0.166666500000000 0.711639746694093 0.961878864048870 -1.143620902439487
0.199999800000000 0.729681594578049 0.956294199580461 -1.128422194148949
0.233333100000000 0.765884120530809 0.947914520927099 -1.100678580721825
0.266666400000000 0.830794085103463 0.943710238967762 -1.047346294182927
0.299999700000000 0.901353850750747 0.948657314114951 -0.981429515151497
0.333333000000000 0.950766075488188 0.960960828424093 -0.929017976358255
0.366666300000000 0.976011633805418 0.968843198256738 -0.901192159223265
0.399999600000000 0.994554729786386 0.966056747425313 -0.884265324559155
0.433332900000000 1.022133140799749 0.955839254495554 -0.863502129864729
0.466666200000000 1.056236769261360 0.942967672945098 -0.840329439889744
0.499999500000000 1.088792795384832 0.930902377787446 -0.818817264834796
0.533332800000000 1.121310006439042 0.920077473292178 -0.796432547382344
0.566666100000000 1.159460477884399 0.910705629163155 -0.768144479899272
0.599999400000000 1.201183862114266 0.904203621033394 -0.735275482922679
0.633332700000000 1.239820916759902 0.899811930974509 -0.705845714557703
0.666666000000000 1.272876293393300 0.895435189889919 -0.682915508261627
0.699999300000000 1.298792668256481 0.891383267696977 -0.664612920669243
0.733332600000000 1.314792773117368 0.890847060149964 -0.651046541006971
0.766665900000000 1.324453657400107 0.895052317624506 -0.639330924553745
0.799999200000000 1.337545777916406 0.901397666606775 -0.622536992353457
0.833332500000000 1.357062568500250 0.905602466042754 -0.600893784665651
0.866665800000000 1.376178889905990 0.905571700769138 -0.582888065352185
0.899999100000000 1.388859741127147 0.903592725033636 -0.572325577204705
0.933332400000000 1.398922042655388 0.903710072712873 -0.562364507030851
0.966665700000000 1.413993022833731 0.907670369846962 -0.546377632761908
0.999999000000000 1.435064907865679 0.915353421908614 -0.524043076246332
1.033332300000000 1.462698620958858 0.926034393467932 -0.493452231466576
1.066665600000000 1.500302496133057 0.937003410833475 -0.452222462089181
1.099998900000000 1.542892965987004 0.945976256389125 -0.406874665440407
1.133332200000000 1.577308150236100 0.953737626906642 -0.369297431079778
1.166665500000000 1.598571348496199 0.960961637978538 -0.344139789344827
1.199998800000000 1.602442703737075 0.969884054299273 -0.334283785294547
1.233332100000000 1.568777659073030 0.979647570530228 -0.348638698211924
1.266665400000000 1.518819479598301 0.983526210506788 -0.365842233205080
1.299998700000000 1.527285130120918 0.976829606159536 -0.352187522600262
1.333332000000000 1.593444714922892 0.963522124912982 -0.311472700864734
1.366665300000000 1.667402444707130 0.950226643434650 -0.261056620901016
1.399998600000000 1.742106770156044 0.944059608475471 -0.204349915438571
1.433331900000000 1.801487676269443 0.938479340484748 -0.156833900950900
1.466665200000000 1.836201745256917 0.919351271983170 -0.128457992095463
1.499998500000000 1.869281997463444 0.890164525507866 -0.100715471299353
1.533331800000000 1.908090762139067 0.861815455862786 -0.067480034178657
1.566665100000000 1.944889079406750 0.841547300306499 -0.037473396730317
1.599998400000000 1.979028019722887 0.830657499208805 -0.011863643556707
1.633331700000000 2.013927527613506 0.829721774227717 0.015423379627376
1.666665000000000 2.056808717024881 0.835873646867582 0.050599137801014
1.699998300000000 2.118846707297742 0.836690825754574 0.101973806672925
