0.000000000000000 0.146367000000000 1.691719000000000 -0.066410000000000
0.033333300000000 -0.042842914537680 1.633611359299372 -0.769854309257165
0.066666600000000 -0.016789442785441 1.640475627453839 -0.734156592263531
0.099999900000000 0.008537262471070 1.645202586202168 -0.707578030839963
0.133333200000000 0.028116870268935 1.649733538205230 -0.692137456991778
0.166666500000000 0.040954030171645 1.657015874766528 -0.683802341076072
0.199999800000000 0.051956965594757 1.669264083885234 -0.670070703107524
0.233333100000000 0.066965763856084 1.682817656140723 -0.648943173295916
0.266666400000000 0.084365731056150 1.690712168967467 -0.631210337513296
0.299999700000000 0.099454909824422 1.691081112086191 -0.617290555560404
0.333333000000000 0.117286161963037 1.684488347309505 -0.603901160407697
0.366666300000000 0.150045836038107 1.667151602657874 -0.605245983947602
0.399999600000000 0.206249339245445 1.639319384526575 -0.627805925167126
0.433332900000000 0.270157648706769 1.625676967974200 -0.622957027382925
0.466666200000000 0.305236042462841 1.654983049938210 -0.524648830599384
0.499999500000000 0.331481643589501 1.686344953655727 -0.349607116510818
0.533332800000000 0.385989896288088 1.689699259860889 -0.210207027546892
0.566666100000000 0.441936352619099 1.687679105224758 -0.156840445465572
0.599999400000000 0.488028916403594 1.688713534645062 -0.149291590472532
0.633332700000000 0.527749216484376 1.691051286986322 -0.149768898108754
0.666666000000000 0.556319375676824 1.691428941987892 -0.156386653342385
0.699999300000000 0.572658502535466 1.684927660495953 -0.179353764876978
0.733332600000000 0.579302239757909 1.669637756632762 -0.207879177969783
0.766665900000000 0.587176854945737 1.650667930306507 -0.220508221490359
0.799999200000000 0.607899228792859 1.631598004140221 -0.215478444248913
0.833332500000000 0.635113826523047 1.609565577595357 -0.209205917438305
0.866665800000000 0.656446682470855 1.578556539924769 -0.218611841618219
0.899999100000000 0.672142255451713 1.536675980442606 -0.240836850436449
0.933332400000000 0.689007289706221 1.495282785477498 -0.257620578709351
0.966665700000000 0.709803448575003 1.465401419894543 -0.264280084113795
0.999999000000000 0.732064937221895 1.447216015254049 -0.263680505799080
1.033332300000000 0.752006773752754 1.443584369191618 -0.248823216080444
1.066665600000000 0.768696409872023 1.454014123487315 -0.219484298465689
1.099998900000000 0.780177797660088 1.467343459078722 -0.187567750059669
1.133332200000000 0.787527789552861 1.480025619370492 -0.157432890117137
1.166665500000000 0.801860219038696 1.499875576175003 -0.125247082720504
1.199998800000000 0.831168551766232 1.528537037312846 -0.085559630808678
1.233332100000000 0.859086365309313 1.554991865345401 -0.032651490744823
1.266665400000000 0.878218919316445 1.577001595549079 0.027961556285182
1.299998700000000 0.909167307873215 1.614325685085441 0.092101366395089
1.333332000000000 0.967972355617034 1.666350148426881 0.165029921944767
1.366665300000000 1.044696584362553 1.705337645499162 0.249188958062864
1.399998600000000 1.114903113914739 1.720970451911872 0.339352970123176
1.433331900000000 1.168558423148574 1.722013209635527 0.423036203448219
1.466665200000000 1.210391931168843 1.715021547209306 0.493627341343619
1.499998500000000 1.246659596042519 1.703731412696632 0.553619675408530
1.533331800000000 1.282521303020175 1.692509801410462 0.603319291993314
1.566665100000000 1.320048122669649 1.683626732773875 0.642651634524635
1.599998400000000 1.357440167449638 1.676488924769756 0.673647597030222
1.633331700000000 1.392329434348728 1.670974340276025 0.702289181089748
1.666665000000000 1.429999077794699 1.667309475798152 0.744927803292602
1.699998300000000 1.436327406376524 1.666013577515763 0.796345919913039
