0.000000000000000 0.023161000000000 2.355043000000000 0.036901000000000
0.033333300000000 0.494877210821870 2.242458711778542 -0.268811998726828
0.066666600000000 0.515779028646119 2.247352519127371 -0.236478781089575
0.099999900000000 0.540014595749272 2.252422868722841 -0.205610555110284
0.133333200000000 0.564166190628986 2.258362944816070 -0.175183492625051
0.166666500000000 0.586476844642239 2.264603326868548 -0.143762834357035
0.199999800000000 0.608079347988137 2.269803244095334 -0.112152608839997
0.233333100000000 0.630870581385981 2.274282036971105 -0.085277120831503
0.266666400000000 0.656010698328397 2.277288202799940 -0.063946089145382
0.299999700000000 0.681304386054612 2.277167748563865 -0.045039876528806
0.333333000000000 0.704673385762924 2.274813728313930 -0.027243687660366
0.366666300000000 0.728536084323679 2.271325978398898 -0.010873167795070
0.399999600000000 0.753998783260917 2.266938303184829 0.005841942935140
0.433332900000000 0.782406981662554 2.262367835507173 0.023073681383193
0.466666200000000 0.812625810389354 2.260128035783950 0.039218115297096
0.499999500000000 0.842742960771252 2.261519015015163 0.049644045106471
0.533332800000000 0.872943649214084 2.265319183544782 0.058471614050775
0.566666100000000 0.905093802298170 2.267643506294997 0.075921893970898
0.599999400000000 0.937274461830391 2.267829006334272 0.103722051257107
0.633332700000000 0.968407565585007 2.269472169869328 0.134370697566455
0.666666000000000 0.998215617441823 2.273495696277290 0.161912581496437
0.699999300000000 1.024626276066349 2.277560841109914 0.185307008420522
0.733332600000000 1.046989750326488 2.280985416699005 0.206612535702756
0.766665900000000 1.069392956701514 2.283332331981748 0.228205779020939
0.799999200000000 1.097997376208504 2.282495873000124 0.251039931321873
0.833332500000000 1.130259054784536 2.278701277897174 0.275655413796530
0.866665800000000 1.154388327885332 2.275168095013852 0.301568524624927
0.899999100000000 1.167671812733409 2.272582830951643 0.328338088603137
0.933332400000000 1.184620441610874 2.268657572419174 0.359730884284557
0.966665700000000 1.216039485839369 2.262471070370284 0.398428637539517
0.999999000000000 1.253867951884371 2.256206485195205 0.440010095646488
1.033332300000000 1.285824348656000 2.253886396985657 0.478713295371350
1.066665600000000 1.307145445628809 2.257428770377060 0.512587802468747
1.099998900000000 1.319125908368267 2.265042945521365 0.539101934330041
1.133332200000000 1.328613504202802 2.272362984452313 0.562114919558276
1.166665500000000 1.343659447735370 2.277573221546070 0.588479762841152
1.199998800000000 1.361730061288896 2.284243136813070 0.615135793186919
1.233332100000000 1.369857395701978 2.296382779444874 0.630458390965114
1.266665400000000 1.368479011031300 2.310846355324519 0.634553729383662
1.299998700000000 1.373219934142887 2.322643545403821 0.646355366082831
1.333332000000000 1.387548713601617 2.332068725833297 0.668184098191259
1.366665300000000 1.404057631076006 2.339391580131114 0.686226982208817
1.399998600000000 1.424402670082493 2.341578267125278 0.700333487158507
1.433331900000000 1.449474399738347 2.336589962941388 0.718552974080491
1.466665200000000 1.473618464058225 2.326135657734486 0.741991186469674
1.499998500000000 1.497266241229698 2.314414634272619 0.767580566079205
1.533331800000000 1.525062070104545 2.305089717116705 0.791144212291714
1.566665100000000 1.558226983615992 2.299450495839523 0.807486046393322
1.599998400000000 1.594623380408457 2.296501645932984 0.815677822652000
1.633331700000000 1.630404366204287 2.294567398873683 0.825379390298278
1.666665000000000 1.661894098736365 2.294703407504911 0.843232626215615
1.699998300000000 1.674115531396147 2.303179921497320 0.870582272394124
