0.000000000000000 1.161335000000000 0.816242000000000 -0.018409000000000
0.033333300000000 1.102253736192608 0.938091560186896 -0.832544485402123
0.066666600000000 1.123621552351739 0.938688809027897 -0.810851691245285
0.099999900000000 1.144672700904376 0.936567941379996 -0.784761953987768
0.133333200000000 1.164325047790297 0.940441404368920 -0.761849695830419
0.166666500000000 1.182687601203230 0.956248309882867 -0.749326285863375
0.199999800000000 1.197885977589057 0.977031566626059 -0.751218441920986
0.233333100000000 1.207719734164605 0.986301820784647 -0.760613152786013
0.266666400000000 1.213326911185180 0.979377170977172 -0.766758426845664
0.299999700000000 1.218950343329812 0.967252906304074 -0.764690742707717
0.333333000000000 1.233311108919627 0.954163187259572 -0.745455380940831
0.366666300000000 1.264510332010110 0.925575077758789 -0.688656157031367
0.399999600000000 1.309364678111841 0.877556867463914 -0.585633288184899
0.433332900000000 1.349759108960116 0.839196474611741 -0.501165257820347
0.466666200000000 1.376905394123054 0.848530826635491 -0.533799034860761
0.499999500000000 1.371275792688490 0.898068889920497 -0.660047273499487
0.533332800000000 1.351805888117324 0.929762892739730 -0.747440963935504
0.566666100000000 1.383052203335939 0.920835832770237 -0.727082908538317
0.599999400000000 1.455965152001657 0.898143645231142 -0.636141473210850
0.633332700000000 1.524214150019709 0.884144322233179 -0.543320547859198
0.666666000000000 1.579862479824079 0.883963026753669 -0.471477789748281
0.699999300000000 1.630528220527576 0.891777936768325 -0.404629796931737
0.733332600000000 1.679549474502719 0.913914487658517 -0.339265924497081
0.766665900000000 1.729386406026455 0.949705880939857 -0.274671505379806
0.799999200000000 1.780833572237224 0.981271872512611 -0.200476490481322
0.833332500000000 1.831858610324116 1.010438572691411 -0.121042041651447
0.866665800000000 1.877763120475530 1.050190976686541 -0.050861716737418
0.899999100000000 1.914782978689110 1.096594000532363 0.006339259780357
0.933332400000000 1.944811924126815 1.138346267820974 0.049747710688361
0.966665700000000 1.972464612168815 1.170386739928879 0.078615305227618
0.999999000000000 1.998518406954056 1.192406344589987 0.097001834862730
1.033332300000000 2.022224136243446 1.204556851441736 0.109419450154833
1.066665600000000 2.043606738092928 1.208494479543543 0.117039083571627
1.099998900000000 2.060836733333063 1.209255013178814 0.116121497573393
1.133332200000000 2.074130471978016 1.212685852984109 0.111094764769414
1.166665500000000 2.088835635877461 1.209274660141881 0.115936434943591
1.199998800000000 2.107965387804136 1.182063002913056 0.135052221280122
1.233332100000000 2.120515563254886 1.134519248488679 0.143198565652809
1.266665400000000 2.117386026523947 1.073608646151391 0.127884760269004
1.299998700000000 2.108878730574924 1.014893609265060 0.109357349736451
1.333332000000000 2.115154912600978 0.973175501168694 0.115986992885763
1.366665300000000 2.140069894575251 0.936358378944825 0.161141732124241
1.399998600000000 2.169674221951980 0.901680203213618 0.216285861129296
1.433331900000000 2.196561087619039 0.878335696349805 0.248844096934620
1.466665200000000 2.223567523413689 0.866785130914686 0.263639698403908
1.499998500000000 2.252864683307233 0.861924545275694 0.274627498314699
1.533331800000000 2.281895347800021 0.855364611075932 0.288099426702222
1.566665100000000 2.310699567463013 0.843815718675677 0.307612397893794
1.599998400000000 2.342819474972929 0.831887899434417 0.335120134538009
1.633331700000000 2.377014842107795 0.823476849754515 0.369022372271194
1.666665000000000 2.410435889667543 0.816104274725054 0.408598384203636
1.699998300000000 2.486097726362544 0.907580449293243 0.447511317493715
