0.000000000000000 0.155032000000000 1.733298000000000 -0.054929000000000
0.033333300000000 -0.039967339092201 1.677453394201493 -0.772160078483062
0.066666600000000 -0.013664090755182 1.684318454075823 -0.736092452661811
0.099999900000000 0.011896171636636 1.689013056122172 -0.709829537358230
0.133333200000000 0.031437116795821 1.693497759595014 -0.695199812067247
0.166666500000000 0.043880708111274 1.700749269017637 -0.687614638351298
0.199999800000000 0.054502295564185 1.713016132432402 -0.673942184771098
0.233333100000000 0.069612291269239 1.726582353747166 -0.652597754402732
0.266666400000000 0.087433343798728 1.734405633877006 -0.635355081381647
0.299999700000000 0.102772429100578 1.734645617392421 -0.622470948191736
0.333333000000000 0.120669625996610 1.727911018175024 -0.610124781103644
0.366666300000000 0.153841250621442 1.710242571093695 -0.613275360767693
0.399999600000000 0.211367792633126 1.681647718441818 -0.638660528332505
0.433332900000000 0.276928533187071 1.667579304356000 -0.634535375974191
0.466666200000000 0.312252658195822 1.697929786666376 -0.531133715722157
0.499999500000000 0.338915683394510 1.729659781758438 -0.347540731654843
0.533332800000000 0.395428206573135 1.732017813234116 -0.202739285829306
0.566666100000000 0.452570988532041 1.729448764943371 -0.148013845157765
0.599999400000000 0.498639960231145 1.730487430451213 -0.140456648193905
0.633332700000000 0.537902418472909 1.733031925099740 -0.141387529487208
0.666666000000000 0.565525460273977 1.733881700602527 -0.149406673442870
0.699999300000000 0.580305912287627 1.728052847356269 -0.175177138325912
0.733332600000000 0.584780735518653 1.713285702449887 -0.207136387862721
0.766665900000000 0.590307570571684 1.694512717484382 -0.222390263996881
0.799999200000000 0.609180447477433 1.675429220397733 -0.219068846112675
0.833332500000000 0.634762227628540 1.653233843660463 -0.214560144187748
0.866665800000000 0.654084210473353 1.621745544778782 -0.226664009821941
0.899999100000000 0.667622162770792 1.578872835475621 -0.252442965656267
0.933332400000000 0.682733790349975 1.536217585934845 -0.272476404193018
0.966665700000000 0.702341791130428 1.505215072201777 -0.281452957751266
0.999999000000000 0.723872432173877 1.486179506630265 -0.282400474449896
1.033332300000000 0.743401744918475 1.482200691206289 -0.268070064609340
1.066665600000000 0.759908817688428 1.492807606415845 -0.238287355155405
1.099998900000000 0.771235527369893 1.506389687425426 -0.205764911402971
1.133332200000000 0.778332698335199 1.519276582630898 -0.175054496389810
1.166665500000000 0.792935642765011 1.539584266986955 -0.141958726454272
1.199998800000000 0.823635772267482 1.569049379632189 -0.100977632409784
1.233332100000000 0.853359670474732 1.596324906569704 -0.046597611995923
1.266665400000000 0.874457413870617 1.618988106807499 0.015364136544728
1.299998700000000 0.908133915130210 1.657097669516634 0.081844745398964
1.333332000000000 0.970428100424661 1.709869070174015 0.159048083102317
1.366665300000000 1.050539441539824 1.748937115185939 0.248378964211309
1.399998600000000 1.123145306375696 1.764000490244746 0.343376760812475
1.433331900000000 1.178207951600740 1.764170545732058 0.431120412803190
1.466665200000000 1.220773894298396 1.756218218465417 0.505062285418366
1.499998500000000 1.257376092290343 1.744037120535360 0.567630936978765
1.533331800000000 1.293564879129594 1.732149192259707 0.618890642185774
1.566665100000000 1.331504735265607 1.722875259227097 0.658899958317469
1.599998400000000 1.369142772168102 1.715622430608619 0.689997722123415
1.633331700000000 1.404061761431841 1.710127097133832 0.718571777892724
1.666665000000000 1.441905911250156 1.705999868417935 0.762161191322558
1.699998300000000 1.444855070983489 1.704534354983919 0.815817372519353
