0.000000000000000 0.164507000000000 0.665638000000000 0.956607000000000
0.033333300000000 0.457025396164856 0.961376868987407 0.412502458225775
0.066666600000000 0.487008300716559 0.954731312438366 0.438736253872147
0.099999900000000 0.514033211444686 0.964705710486788 0.467638081333134
0.133333200000000 0.539619656481213 0.990963973002501 0.492819344555323
0.166666500000000 0.565829540860766 1.022449511497326 0.508492206984991
0.199999800000000 0.598154327063376 1.039281302204016 0.515055955078493
0.233333100000000 0.637348855363556 1.043017355620103 0.519411979561874
0.266666400000000 0.678379072605294 1.054904901387317 0.527509787821422
0.299999700000000 0.716673484924633 1.075628462598405 0.540290684275516
0.333333000000000 0.744283324032317 1.094263836762409 0.561536373956410
0.366666300000000 0.746201728435780 1.125206226928114 0.599174383627831
0.399999600000000 0.714703577497922 1.178385378359894 0.648418659305461
0.433332900000000 0.696048443859554 1.185629997971437 0.690325408060996
0.466666200000000 0.762189369187050 1.050574390720678 0.710510628212226
0.499999500000000 0.912192412097093 0.828183082699827 0.663343162091166
0.533332800000000 1.036159051745921 0.675666774514172 0.595245173643725
0.566666100000000 1.069864481305034 0.629609959493253 0.608620861028423
0.599999400000000 1.042644125627966 0.636441569355220 0.678271543803069
0.633332700000000 1.016634671316431 0.661431203288557 0.744998421226203
0.666666000000000 1.019798775136923 0.708696332639063 0.802340901935208
0.699999300000000 1.035354309621889 0.788812052045706 0.861138651464075
0.733332600000000 1.053199436452705 0.886290277993068 0.915296335254617
0.766665900000000 1.068350320836129 0.965488637074144 0.962173685151755
0.799999200000000 1.074658980945265 1.016593846779258 1.010751664866491
0.833332500000000 1.075697908875269 1.064176904071022 1.058931268208113
0.866665800000000 1.074502500070639 1.134233002823443 1.095747693744440
0.899999100000000 1.068374639482977 1.223708406019409 1.117392237664941
0.933332400000000 1.064532398229096 1.304546961385794 1.128862670558143
0.966665700000000 1.070969391579277 1.364184899665905 1.135380388303741
0.999999000000000 1.086629201528074 1.407037707123652 1.140742844311070
1.033332300000000 1.113501473823641 1.426894914979410 1.154308318823030
1.066665600000000 1.151896587592928 1.425075618893056 1.177675409340510
1.099998900000000 1.196088945061612 1.421330238587074 1.199744673822254
1.133332200000000 1.238522407729648 1.419616686405653 1.218317696160632
1.166665500000000 1.275207218716796 1.406640688914158 1.241129487713168
1.199998800000000 1.311360536954763 1.375566710547349 1.273024483321747
1.233332100000000 1.363894722401417 1.332832453721031 1.307329396652021
1.266665400000000 1.434119875076352 1.286060696806983 1.334124863384146
1.299998700000000 1.495089200661607 1.212112213874674 1.354897834080309
1.333332000000000 1.516735476747861 1.095341021297548 1.378513616040689
1.366665300000000 1.496777511977570 0.960730704705903 1.407169269068196
1.399998600000000 1.470450872189022 0.835981174004485 1.430276813563388
1.433331900000000 1.465660096403994 0.729972956648870 1.436605043070373
1.466665200000000 1.477197737362596 0.641342142096507 1.429449042987648
1.499998500000000 1.499928282359306 0.571444010467445 1.421672249700230
1.533331800000000 1.529953754817160 0.524815176552842 1.424904044362998
1.566665100000000 1.560814550393101 0.498886955255074 1.441499709752953
1.599998400000000 1.592115585375614 0.488043124623614 1.468794809052164
1.633331700000000 1.622136749164830 0.484162534178487 1.501289428533083
1.666665000000000 1.635861454713168 0.462335169812446 1.522997635720095
1.699998300000000 1.711604487997944 0.440922881982977 1.519609617676855
