0.000000000000000 0.161335000000000 1.816242000000000 -0.018409000000000
0.033333300000000 -0.040898571279830 1.767583416674311 -0.760808427930970
0.066666600000000 -0.013972355983775 1.774347539628938 -0.723934571595661
0.099999900000000 0.012143471007735 1.779123562526486 -0.698289017735008
0.133333200000000 0.031681670853362 1.783803043845190 -0.685298237707184
0.166666500000000 0.043420124189493 1.791206128877365 -0.679218823217045
0.199999800000000 0.053480864604647 1.803471465383881 -0.665579483985350
0.233333100000000 0.069175677186070 1.816986157377013 -0.643647502875628
0.266666400000000 0.088313847007710 1.824887280976907 -0.627265562088162
0.299999700000000 0.104582992801984 1.825271369172961 -0.616401412499157
0.333333000000000 0.122784499743504 1.818647549558841 -0.606180696766674
0.366666300000000 0.156425659483612 1.801052634206551 -0.613241260173383
0.399999600000000 0.215681739501100 1.772169770131102 -0.645008233853627
0.433332900000000 0.283863009590742 1.757780530510225 -0.642829782660705
0.466666200000000 0.320192878085519 1.788386770630492 -0.528371053017615
0.499999500000000 0.349703641522728 1.817362908651996 -0.326447442733572
0.533332800000000 0.412134014443756 1.815298353243812 -0.170514869867441
0.566666100000000 0.471752355354842 1.811100684929498 -0.113111345614202
0.599999400000000 0.516504524463798 1.812501032725166 -0.105703637794412
0.633332700000000 0.553630071418760 1.815959366817078 -0.107789528236651
0.666666000000000 0.578645333583418 1.818403263941876 -0.118794264194061
0.699999300000000 0.589787916203526 1.814926376681875 -0.150353221446178
0.733332600000000 0.589423622230846 1.802271578725218 -0.189441677594137
0.766665900000000 0.589694866112879 1.784543571755020 -0.210257036168095
0.799999200000000 0.604192608700705 1.765753386073773 -0.210713570565059
0.833332500000000 0.625775475837697 1.743528215453849 -0.210165822887752
0.866665800000000 0.640354606336213 1.711536055566331 -0.228183051542376
0.899999100000000 0.648893177190049 1.667287334944969 -0.261675904935540
0.933332400000000 0.659951857627266 1.622638557041332 -0.288771990535185
0.966665700000000 0.676833474317371 1.589756570622440 -0.302788548625259
0.999999000000000 0.696721059027408 1.569285830256137 -0.307084193372798
1.033332300000000 0.715442700768416 1.564709631275131 -0.293832648508147
1.066665600000000 0.731799520882168 1.575599589702835 -0.262955209765388
1.099998900000000 0.743164699698931 1.589629616532930 -0.228922808134862
1.133332200000000 0.750125754594755 1.602861074223531 -0.196760404226724
1.166665500000000 0.765575247015265 1.623960963918525 -0.161583317017123
1.199998800000000 0.799364401557473 1.654965273334896 -0.117785476510633
1.233332100000000 0.833326744535885 1.683904110416146 -0.060077646555409
1.266665400000000 0.859417561584550 1.707994159703575 0.005123359930179
1.299998700000000 0.899593148633855 1.747404183977413 0.076851361918409
1.333332000000000 0.969239962514200 1.800620540085694 0.163036272787398
1.366665300000000 1.055709511969300 1.838481963789026 0.262805876750189
1.399998600000000 1.132499880568371 1.851127586623798 0.367345623180748
1.433331900000000 1.190027743141616 1.848382902936676 0.463084717378325
1.466665200000000 1.233888744004501 1.837432696057213 0.543602584997868
1.499998500000000 1.271088676619157 1.822569303533543 0.611194759234910
1.533331800000000 1.307958385559448 1.808786758220524 0.665502398227091
1.566665100000000 1.346768400899163 1.798513072892619 0.706848753926189
1.599998400000000 1.384897972469034 1.791029935285059 0.738149848213031
1.633331700000000 1.419823227456424 1.785629589543123 0.766572769275621
1.666665000000000 1.457766564290454 1.780352251029224 0.811893557344694
1.699998300000000 1.453814099514166 1.777188952319772 0.869615054985717
