0.000000000000000 1.146785000000000 0.797018000000000 -0.003835000000000
0.033333300000000 1.096359793531261 0.922377313194533 -0.809917325950084
0.066666600000000 1.117786203025421 0.922808886635642 -0.788325197619872
0.099999900000000 1.138855360442451 0.920875285713203 -0.762100012950563
0.133333200000000 1.158625360558126 0.925159540939303 -0.738879207152159
0.166666500000000 1.177269481150515 0.941304631818386 -0.726066951973525
0.199999800000000 1.192904996962355 0.962060128325149 -0.727879364648580
0.233333100000000 1.203208148739309 0.971203307057541 -0.737260483968263
0.266666400000000 1.209267048501876 0.964552115386111 -0.743149077135969
0.299999700000000 1.215353612766379 0.952982412928829 -0.740668211012718
0.333333000000000 1.229914136716589 0.940464610206328 -0.721073508195529
0.366666300000000 1.260464529889428 0.912973245588104 -0.663786668433043
0.399999600000000 1.303516586715697 0.866868721923357 -0.560231919640543
0.433332900000000 1.342258709779392 0.829305182907772 -0.475875486912789
0.466666200000000 1.369991453423359 0.835645074575491 -0.509719552337705
0.499999500000000 1.366857903220609 0.880304230242615 -0.638633136319142
0.533332800000000 1.348985459720886 0.909130365425576 -0.728467030440016
0.566666100000000 1.379803286482226 0.899650616800547 -0.708799137096424
0.599999400000000 1.451077908262865 0.877352674897086 -0.617769849624295
0.633332700000000 1.517924428587810 0.863902956162606 -0.524762728593287
0.666666000000000 1.573047738971318 0.864438551053068 -0.452346132535003
0.699999300000000 1.623711345596816 0.873444843488198 -0.384354354883972
0.733332600000000 1.673016390467361 0.896999830877242 -0.317704851710981
0.766665900000000 1.723121510770077 0.933825422358046 -0.252261055258089
0.799999200000000 1.774447095318996 0.966032500960413 -0.177658939796224
0.833332500000000 1.825164155838211 0.995864880625075 -0.097880480160654
0.866665800000000 1.870921935583208 1.036695006856834 -0.027097812604790
0.899999100000000 1.907888392817774 1.084646758910245 0.030903317124338
0.933332400000000 1.937871798087447 1.127922180035259 0.074983370484560
0.966665700000000 1.965513083233196 1.161120286378649 0.104295555149663
0.999999000000000 1.991605116871104 1.183977803625753 0.122979368799638
1.033332300000000 2.015503714394855 1.196452517897119 0.135550310454000
1.066665600000000 2.037268935548583 1.200200842383890 0.143206110963539
1.099998900000000 2.055058306415072 1.200739033965604 0.142346562537919
1.133332200000000 2.068978894026293 1.203968238031992 0.137384127373973
1.166665500000000 2.084005326901548 1.200126400272618 0.142140330022196
1.199998800000000 2.102995805079922 1.172305533053965 0.161009144297703
1.233332100000000 2.115674108067592 1.124200836353595 0.168962057375099
1.266665400000000 2.113188189118260 1.062892704128770 0.153598797678775
1.299998700000000 2.104945394489416 1.003142055172282 0.134657501596585
1.333332000000000 2.110229483241073 0.959338674386944 0.140027542245213
1.366665300000000 2.133103850978204 0.920315153795094 0.183226903771090
1.399998600000000 2.160807334501685 0.883894270610104 0.236253448656055
1.433331900000000 2.186582795042524 0.859171111163497 0.266922219179317
1.466665200000000 2.213023994528732 0.846478815456924 0.280076051502510
1.499998500000000 2.242070811649362 0.840735422859646 0.289733112432342
1.533331800000000 2.270989676488506 0.833668221738173 0.302382254676738
1.566665100000000 2.299666530921551 0.821954928275540 0.321542369170004
1.599998400000000 2.331673474481494 0.810051429315715 0.348998225105518
1.633331700000000 2.365781744906477 0.801699918634544 0.382923773289141
1.666665000000000 2.398776773510997 0.794175575719710 0.421897381247819
1.699998300000000 2.475772504070475 0.884198568973769 0.459357988306443
