0.000000000000000 0.150030000000000 0.709310000000000 0.938449000000000
0.033333300000000 0.429693109687225 0.995776059348568 0.389782865447771
0.066666600000000 0.459731386567374 0.989495197023666 0.416510539934504
0.099999900000000 0.486845082689055 0.999468005011447 0.445301416797134
0.133333200000000 0.512303658835183 1.025300043436067 0.469984926890089
0.166666500000000 0.538072289896168 1.056168428540943 0.485273470385125
0.199999800000000 0.569823954659689 1.072779036395154 0.492212326317142
0.233333100000000 0.608650007543487 1.076778578192378 0.497432544726465
0.266666400000000 0.649501970665068 1.088806851310402 0.505985096399294
0.299999700000000 0.687549808037189 1.109299970055715 0.518736541037574
0.333333000000000 0.715038371472232 1.127511069915371 0.539493397171046
0.366666300000000 0.717681793076682 1.157608872129832 0.575024320493436
0.399999600000000 0.688390239763465 1.209343636769371 0.620209891687495
0.433332900000000 0.672110695172754 1.216472802141161 0.659956909649720
0.466666200000000 0.737825664698327 1.085199240084047 0.684935849980374
0.499999500000000 0.886005675464596 0.867579481501921 0.648896116077310
0.533332800000000 1.010250957001104 0.717437787687423 0.589723112237544
0.566666100000000 1.045062361497795 0.672226847382927 0.604722552709223
0.599999400000000 1.018847689140382 0.679322862013996 0.671832256000467
0.633332700000000 0.993567374720006 0.704175960409984 0.735653602160928
0.666666000000000 0.996579635488947 0.750640169168796 0.790170190855945
0.699999300000000 1.011243563438051 0.828986070601679 0.845287445388028
0.733332600000000 1.027692705014766 0.923779776068157 0.895535673401100
0.766665900000000 1.041489637983625 1.000228790686939 0.939410435808645
0.799999200000000 1.047163745687970 1.049150279726204 0.985639271954058
0.833332500000000 1.047958859780102 1.094516965645528 1.031425525245031
0.866665800000000 1.046348365572346 1.161355868444736 1.065445301955320
0.899999100000000 1.039809187940148 1.246622800387254 1.084143394880835
0.933332400000000 1.035757151902935 1.323450821387792 1.093349744842833
0.966665700000000 1.042091208612764 1.380089576241301 1.098507221252955
0.999999000000000 1.057650705151664 1.420909614860655 1.103134886517940
1.033332300000000 1.084231628147941 1.439974981213217 1.116642292123745
1.066665600000000 1.122084283197592 1.438540045659030 1.140574562360950
1.099998900000000 1.165508076457971 1.435387822391825 1.163499192862287
1.133332200000000 1.207100608820169 1.434151012731966 1.182991162385967
1.166665500000000 1.243403982214684 1.422294453668487 1.206632294404026
1.199998800000000 1.279907580091876 1.393465944973493 1.239306973796689
1.233332100000000 1.332622155202735 1.353454503539654 1.275029301074645
1.266665400000000 1.402655044958727 1.309500598497612 1.304007208959505
1.299998700000000 1.464295422252236 1.239442208801239 1.327486984963666
1.333332000000000 1.488314076458869 1.127643414406265 1.354114466491283
1.366665300000000 1.471860423861262 0.997660086115730 1.385677408026536
1.399998600000000 1.448628028584830 0.876330429897456 1.411777039822718
1.433331900000000 1.445734905496771 0.772606276359620 1.421375896845070
1.466665200000000 1.458271999717296 0.685425779817201 1.417407887856521
1.499998500000000 1.481456302113424 0.616367943852984 1.412335963930858
1.533331800000000 1.511780603834121 0.570204716833009 1.417416301478607
1.566665100000000 1.543006490331937 0.544562418999370 1.434929695628048
1.599998400000000 1.574567772572180 0.533840704444128 1.462376396055227
1.633331700000000 1.604702300052203 0.529978574182454 1.494696209327406
1.666665000000000 1.619004454502242 0.508459019475822 1.517083913278250
1.699998300000000 1.691501115116179 0.485927411173108 1.515488109682033
