0.000000000000000 0.135031000000000 1.761227000000000 0.023149000000000
0.033333300000000 -0.043366774880262 1.724398585343565 -0.701020504728060
0.066666600000000 -0.016296368113293 1.730646475147776 -0.664517116787876
0.099999900000000 0.009856603822441 1.735843733513569 -0.638562602987852
0.133333200000000 0.029705933374439 1.741613429070491 -0.624785827622067
0.166666500000000 0.042201842529108 1.750017486155098 -0.618000937713758
0.199999800000000 0.053425392988617 1.762307464972669 -0.604332933014941
0.233333100000000 0.070340315082330 1.775433997277688 -0.582674725159864
0.266666400000000 0.090626970401896 1.783892071798261 -0.565949469659186
0.299999700000000 0.108074462048638 1.785606251809424 -0.554271648679440
0.333333000000000 0.126784470390143 1.780424947534796 -0.543183490216356
0.366666300000000 0.158728020148054 1.765600443583003 -0.548561615622189
0.399999600000000 0.213217620614356 1.741516274766695 -0.577926870234092
0.433332900000000 0.276950556925184 1.728923847032995 -0.575264053020292
0.466666200000000 0.314807119201835 1.751415549507856 -0.464733482175593
0.499999500000000 0.350737659262082 1.767532330926999 -0.272028123223790
0.533332800000000 0.416946468941255 1.757916445627865 -0.124365384875033
0.566666100000000 0.475322697424816 1.752067383107113 -0.068975873225204
0.599999400000000 0.515967305255318 1.754260900792487 -0.060388999618804
0.633332700000000 0.549570302450358 1.759045744302493 -0.060992350403041
0.666666000000000 0.573329344000914 1.763486241047876 -0.069789378149723
0.699999300000000 0.584607234232960 1.763481853891945 -0.097701159696319
0.733332600000000 0.585141628676718 1.755147517932197 -0.132814780819694
0.766665900000000 0.586236657679445 1.740850688118090 -0.150888772601433
0.799999200000000 0.600461745896124 1.724354462036195 -0.149739554316654
0.833332500000000 0.621226793911797 1.704472100763952 -0.147719466684475
0.866665800000000 0.635370612100942 1.676101888664998 -0.163644709276160
0.899999100000000 0.643665070117406 1.636858650609785 -0.194650670630836
0.933332400000000 0.654472454543744 1.597045885986893 -0.219774829289015
0.966665700000000 0.671212890175938 1.567799441932970 -0.232561030617770
0.999999000000000 0.691130529138232 1.549902018330030 -0.236100852249912
1.033332300000000 0.710348172674428 1.546321128614391 -0.222547799770200
1.066665600000000 0.727758223893898 1.556656511338701 -0.191748175496057
1.099998900000000 0.740668417634523 1.569986661284026 -0.157834546868008
1.133332200000000 0.749342633310948 1.582603703394657 -0.125805181352320
1.166665500000000 0.765703248274841 1.602355058539291 -0.091022759454544
1.199998800000000 0.799223055082611 1.631217059100309 -0.047916875394217
1.233332100000000 0.833642178356341 1.657941344002595 0.008998032649172
1.266665400000000 0.861523620152731 1.680129148224042 0.073422113019225
1.299998700000000 0.902396689796545 1.715793566945895 0.143473626668224
1.333332000000000 0.969333907482376 1.762460815310479 0.226198299951696
1.366665300000000 1.050265616647190 1.793544472332517 0.321086266784855
1.399998600000000 1.121864360725820 1.800844549047244 0.420299563988098
1.433331900000000 1.176323226542382 1.793978263420031 0.511021544858303
1.466665200000000 1.218612350940584 1.779753689993586 0.587023571622641
1.499998500000000 1.255113147022376 1.762447461519016 0.650890660432423
1.533331800000000 1.291656755698653 1.747247748407486 0.702822970839426
1.566665100000000 1.330091042906291 1.736439939840976 0.743103545175493
1.599998400000000 1.367896157668103 1.728949934985200 0.774241812155776
1.633331700000000 1.402584014544206 1.723680071617270 0.802776149945411
1.666665000000000 1.439361116908377 1.717879514321804 0.846592472024420
1.699998300000000 1.439244764572651 1.711828288028244 0.900620474636678
