0.000000000000000 1.167599000000000 0.726859000000000 -0.039555000000000
0.033333300000000 1.120463198204713 0.847847475609146 -0.832182892856042
0.066666600000000 1.141286100906546 0.848337512818719 -0.811416225279914
0.099999900000000 1.161833899676418 0.846117940679316 -0.784788167903260
0.133333200000000 1.181543641194167 0.850015301994480 -0.760315672417940
0.166666500000000 1.200686482813455 0.866008578056358 -0.746403485551882
0.199999800000000 1.216599768431379 0.886930730142084 -0.748508412389115
0.233333100000000 1.226098419797933 0.896107657825956 -0.758896223714096
0.266666400000000 1.230670685388776 0.888986141337267 -0.764668700066289
0.299999700000000 1.235609415941904 0.876782949740981 -0.761034126769154
0.333333000000000 1.249761691286085 0.863754107028483 -0.739861790629341
0.366666300000000 1.280267042268696 0.835413109573863 -0.678743676219410
0.399999600000000 1.322736362681607 0.788143218963447 -0.568251998974901
0.433332900000000 1.359900513847660 0.749964682022599 -0.480903204636246
0.466666200000000 1.386386267201200 0.757372437256075 -0.525082839917293
0.499999500000000 1.379103730062744 0.807155086090096 -0.672258553962742
0.533332800000000 1.354415721945749 0.841505814249174 -0.773509883450893
0.566666100000000 1.383086130093052 0.833482374083155 -0.756153259097779
0.599999400000000 1.456754228334034 0.810268856941992 -0.663584334626502
0.633332700000000 1.526540682183170 0.795516125093347 -0.568126628179060
0.666666000000000 1.584473211527466 0.794402047205912 -0.492293259875227
0.699999300000000 1.638599683802840 0.801168914162867 -0.418792033415238
0.733332600000000 1.692298052453845 0.822957071618751 -0.345585195852114
0.766665900000000 1.747124659169929 0.859367486234969 -0.274872797609941
0.799999200000000 1.802493229864907 0.891889704245651 -0.196305288214777
0.833332500000000 1.856936865484873 0.922287573210953 -0.112313117909755
0.866665800000000 1.906931555676479 0.964177227368000 -0.035810171398309
0.899999100000000 1.948228640651805 1.013927305481985 0.029215244703755
0.933332400000000 1.981651356073002 1.059409227028632 0.079538790322631
0.966665700000000 2.011560599034451 1.094548030865502 0.113194283228744
0.999999000000000 2.038989020656044 1.118787634767390 0.134659857801285
1.033332300000000 2.063483810266500 1.131834143154179 0.147952016898228
1.066665600000000 2.085242653876759 1.135348272333994 0.154345805065810
1.099998900000000 2.102800375144958 1.135433493441594 0.151690412240138
1.133332200000000 2.116593337548232 1.138338201381054 0.144933255422463
1.166665500000000 2.130787688709383 1.133697362746244 0.147619369536600
1.199998800000000 2.147248420637357 1.104012770626023 0.164047382814763
1.233332100000000 2.156258198807762 1.053601327355105 0.168702856746872
1.266665400000000 2.149110671459148 0.989926453493046 0.149484455977675
1.299998700000000 2.134925761156349 0.928022403234776 0.125189567064476
1.333332000000000 2.134047190384826 0.883346033687449 0.123019848017839
1.366665300000000 2.152119954849851 0.845128164184627 0.158392841198522
1.399998600000000 2.176850660176878 0.810662359202736 0.204455254840949
1.433331900000000 2.200819998420006 0.788544410431554 0.228967015837630
1.466665200000000 2.226288825748593 0.778743853499817 0.236862101690234
1.499998500000000 2.254878898810830 0.775697911936311 0.242430878307923
1.533331800000000 2.283203168916725 0.770475208842048 0.252493378152847
1.566665100000000 2.311111912432507 0.759588986219832 0.270445218656763
1.599998400000000 2.342701087296602 0.747768756171635 0.297708005193456
1.633331700000000 2.376839347092779 0.739259380271569 0.331832336826351
1.666665000000000 2.409912181333070 0.732654979017003 0.369718408941162
1.699998300000000 2.492827602131709 0.826432793802306 0.404552284899210
