0.000000000000000 1.160640000000000 1.056012000000000 -0.016973000000000
0.033333300000000 1.053659388747920 1.165925586751661 -0.889311057489800
0.066666600000000 1.076024107901775 1.167307645516036 -0.865258574133776
0.099999900000000 1.098086715997175 1.165070623548092 -0.840515667249883
0.133333200000000 1.117329172859400 1.167868470285940 -0.821519750706000
0.166666500000000 1.133362857705223 1.182243851673885 -0.812455382090392
0.199999800000000 1.145992878761178 1.202617728161918 -0.813749937892468
0.233333100000000 1.155393480009585 1.212497456774337 -0.820527289062442
0.266666400000000 1.162099974542303 1.205625874446477 -0.827417569035423
0.299999700000000 1.168074490962542 1.192556366538527 -0.829050705750267
0.333333000000000 1.182407505965712 1.178060138047285 -0.814529085454741
0.366666300000000 1.216607727301778 1.146498491052122 -0.768595981727376
0.399999600000000 1.270839595510988 1.092708805448168 -0.684211478537621
0.433332900000000 1.322132561648385 1.052607337622951 -0.606923396150197
0.466666200000000 1.349230738671580 1.073716313553512 -0.611373566429672
0.499999500000000 1.341166416511141 1.134767642265147 -0.683697307869366
0.533332800000000 1.329345438714859 1.168044475612078 -0.732962928934575
0.566666100000000 1.367167938719603 1.159001724826793 -0.704347374911251
0.599999400000000 1.442149017983275 1.136893827005850 -0.618830691474305
0.633332700000000 1.510347680964099 1.123330499708218 -0.533839878473189
0.666666000000000 1.562339319064016 1.123092415995698 -0.472985124717967
0.699999300000000 1.605613781093839 1.129476815389788 -0.423883675263177
0.733332600000000 1.644017826710625 1.147694462535818 -0.378972746228036
0.766665900000000 1.682699276726177 1.178280663410319 -0.330043689708045
0.799999200000000 1.726284401392937 1.205114399311414 -0.266892734706316
0.833332500000000 1.771046678919091 1.228953905626556 -0.198792644813310
0.866665800000000 1.808993022836027 1.260121138916698 -0.144093678680732
0.899999100000000 1.837547577465840 1.294011079163401 -0.105702791976469
0.933332400000000 1.860964138105795 1.322726234279899 -0.078571291799296
0.966665700000000 1.884220574365500 1.344394153902446 -0.060764090900186
0.999999000000000 1.907490951644031 1.359066756134863 -0.049389789126993
1.033332300000000 1.929122516007048 1.368299018873769 -0.038947624645784
1.066665600000000 1.948700782107022 1.373683232261540 -0.028555331036214
1.099998900000000 1.963740148407315 1.376604331744655 -0.025507149181199
1.133332200000000 1.974343263254020 1.381777022936880 -0.026538396895757
1.166665500000000 1.989181777418701 1.382375389330050 -0.016718891750266
1.199998800000000 2.013953866375723 1.362805139708463 0.008615299824233
1.233332100000000 2.033238506724132 1.323987464891094 0.024975506952794
1.266665400000000 2.036605080503517 1.271420191758439 0.019085767230603
1.299998700000000 2.039126565076785 1.223811139560568 0.014592910126055
1.333332000000000 2.062751905018475 1.195381826927573 0.042703548025263
1.366665300000000 2.107082440597992 1.168769743662873 0.112264503263359
1.399998600000000 2.151751521574207 1.139423457340805 0.190808027639961
1.433331900000000 2.187652189405443 1.117908677442695 0.244646927202523
1.466665200000000 2.219375271211653 1.106090119118768 0.278053083263780
1.499998500000000 2.250820884096659 1.099898216830894 0.303894417392805
1.533331800000000 2.281641892880568 1.091993854309952 0.326812926002837
1.566665100000000 2.312680680741790 1.079684410838451 0.350673206857390
1.599998400000000 2.346223154598969 1.067614643508257 0.378863878827627
1.633331700000000 2.380765903931332 1.059311153963468 0.412153666182636
1.666665000000000 2.416037744459616 1.050973807093230 0.456526664050123
1.699998300000000 2.472862351343868 1.139444355505475 0.507144797312073
