0.000000000000000 0.155032000000000 0.733298000000000 0.945071000000000
0.033333300000000 0.431354415383082 1.021069534729648 0.388450119982895
0.066666600000000 0.461536776407764 1.014789122887104 0.415391203551152
0.099999900000000 0.488785231006982 1.024743270682898 0.443999946233400
0.133333200000000 0.514221454811788 1.050548544985920 0.468215672787598
0.166666500000000 0.539763020432218 1.081399123486169 0.483071540587098
0.199999800000000 0.571294658277609 1.098020510996618 0.489976214196755
0.233333100000000 0.610179034698440 1.102027357208689 0.495321516363802
0.266666400000000 0.651273846514048 1.114014504936258 0.503591245110239
0.299999700000000 0.689465798898127 1.134433125597553 0.515745136094984
0.333333000000000 0.716992366942202 1.152562304814882 0.535900108096396
0.366666300000000 0.719873528230970 1.182468646210909 0.570389348902233
0.399999600000000 0.691345411286561 1.233763193871182 0.613945131179664
0.433332900000000 0.676019308867250 1.240646475214375 0.653274746741158
0.466666200000000 0.741875984625539 1.109975726013851 0.681192073803774
0.499999500000000 0.890296475183314 0.892568869650375 0.650085464529100
0.533332800000000 1.015697758753627 0.741852767401031 0.594028474969397
0.566666100000000 1.051199312341088 0.696325210753166 0.609811894515261
0.599999400000000 1.024971274615198 0.703423594843454 0.676926508645918
0.633332700000000 0.999427020406796 0.728395881171329 0.740486305621670
0.666666000000000 1.001892978326477 0.775132382741398 0.794194478892968
0.699999300000000 1.015657729557909 0.853866106817353 0.847694475252943
0.733332600000000 1.030855673303708 0.948961304024191 0.895961687491986
0.766665900000000 1.043298170734297 1.025523848916135 0.938322193890985
0.799999200000000 1.047905348037101 1.074437539802211 0.983565537847753
0.833332500000000 1.047758544726410 1.119710201810062 1.028334286425842
0.866665800000000 1.044988013958643 1.186272606734599 1.060797654326512
0.899999100000000 1.037204140330148 1.270967173022867 1.077445475113426
0.933332400000000 1.032140546162450 1.347066990975355 1.084777061972780
0.966665700000000 1.037789195911009 1.403058865310469 1.088597825256267
0.999999000000000 1.052927027463633 1.443388516819399 1.092332955895675
1.033332300000000 1.079269946961684 1.462253587518086 1.105536379722775
1.066665600000000 1.117017250511748 1.460920786386160 1.129724632334057
1.099998900000000 1.160351760768292 1.457914435303295 1.152998757097751
1.133332200000000 1.201798380662823 1.456795746463278 1.172822709071650
1.166665500000000 1.238257785367330 1.445203320464641 1.196988780448681
1.199998800000000 1.275564331846938 1.416838400830448 1.230409762366303
1.233332100000000 1.329320806592388 1.377300319604080 1.266981174072933
1.266665400000000 1.400487293528462 1.333723291754976 1.296737052990289
1.299998700000000 1.463701468107767 1.264118068334450 1.321567184952762
1.333332000000000 1.489733058920691 1.152750246407399 1.350660845826156
1.366665300000000 1.475233601087678 1.022813532009795 1.385207628875154
1.399998600000000 1.453385526783538 0.901155475886352 1.414096088190963
1.433331900000000 1.451304419475675 0.796927965009652 1.426037549690327
1.466665200000000 1.464264099302782 0.709193368010947 1.424002698392852
1.499998500000000 1.487641412834422 0.639621631881041 1.420417141472702
1.533331800000000 1.518154411255765 0.593074062294409 1.426397540208254
1.566665100000000 1.549618582347088 0.567206285073496 1.444301493769291
1.599998400000000 1.581321783579869 0.556418204327054 1.471806924478624
1.633331700000000 1.611473466393709 0.552567169396783 1.504087785585887
1.666665000000000 1.625876334103866 0.530780883524519 1.527024068615682
1.699998300000000 1.696423486507644 0.508151718391562 1.526719559301039
