0.000000000000000 0.161335000000000 0.816242000000000 0.981591000000000
0.033333300000000 0.430423131512737 1.111199507627232 0.399801763485938
0.066666600000000 0.461228511179171 1.104818208440220 0.427549084617302
0.099999900000000 0.489032478044864 1.114853728130471 0.455540459301626
0.133333200000000 0.514465976139739 1.140853825618394 0.478117258730225
0.166666500000000 0.539302436510437 1.171855983345896 0.491467355721352
0.199999800000000 0.570273243529818 1.188475845916639 0.498338908824459
0.233333100000000 0.609742436690518 1.192431162778008 0.504271761376130
0.266666400000000 0.652154352125044 1.204496174088928 0.511680775226874
0.299999700000000 0.691276349693014 1.225058898246646 0.521814689444786
0.333333000000000 0.719107237681465 1.243298813712415 0.539844182709375
0.366666300000000 0.722457931251980 1.273278663575694 0.570423431891595
0.399999600000000 0.695659358154535 1.324285245560466 0.607597425658541
0.433332900000000 0.682953785270921 1.330847701368600 0.644980340054645
0.466666200000000 0.749816220958592 1.200432709929411 0.683954730657582
0.499999500000000 0.901084433311532 0.980271996543933 0.671178753450371
0.533332800000000 1.032403566624249 0.825133307410727 0.626252890931262
0.566666100000000 1.070380649691729 0.777977127123655 0.644714412410627
0.599999400000000 1.042835838847851 0.785437197117407 0.711679519045411
0.633332700000000 1.015154673352647 0.811323322888666 0.774084306872227
0.666666000000000 1.015012851635918 0.859653946080747 0.824806888141777
0.699999300000000 1.025139717110320 0.940739634961177 0.872518398087262
0.733332600000000 1.035498576472239 1.037947181794448 0.913656392141711
0.766665900000000 1.042685466275491 1.115554703186773 0.950455421719771
0.799999200000000 1.042917509027820 1.164761727522495 0.991920824496360
0.833332500000000 1.038771792935568 1.210004573603448 1.032728607725838
0.866665800000000 1.031258409821503 1.276063117522148 1.059278612606077
0.899999100000000 1.018475121720413 1.359381663754425 1.068212542990020
0.933332400000000 1.009358603085119 1.433487933709775 1.068481474342262
0.966665700000000 1.012280885989817 1.487600340280526 1.067262230946281
0.999999000000000 1.025775646911705 1.526494863857606 1.067649239474085
1.033332300000000 1.051310895223132 1.544762550971351 1.079773798019054
1.066665600000000 1.088907952635423 1.543712717332660 1.105056776783407
1.099998900000000 1.132280933097330 1.541154364410799 1.129840860365860
1.133332200000000 1.173591436922378 1.540380238055910 1.151116801234737
1.166665500000000 1.210897392200988 1.529580069616139 1.177364192707537
1.199998800000000 1.251292971454118 1.502754322946945 1.213601918011777
1.233332100000000 1.309287901130298 1.464879503940286 1.253501128840800
1.266665400000000 1.385447414089787 1.422729290638328 1.286496275497894
1.299998700000000 1.455160749753512 1.354424589934981 1.316573782161099
1.333332000000000 1.488544903343901 1.243501692060401 1.354649031868482
1.366665300000000 1.480403654974881 1.112358379462219 1.399634546858903
1.399998600000000 1.462740084156816 0.988282571541913 1.438064955163787
1.433331900000000 1.463124211016551 0.881140322214271 1.458001854265461
1.466665200000000 1.477378949008887 0.790407845602744 1.462542997972353
1.499998500000000 1.501353997163236 0.718153814879224 1.463980963728848
1.533331800000000 1.532547917685619 0.669711628255226 1.473009296249571
1.566665100000000 1.564882247980645 0.642844098739018 1.492250289378011
1.599998400000000 1.597076983880801 0.631825709003494 1.519959050568239
1.633331700000000 1.627234932418292 0.628069661806073 1.552088776968785
1.666665000000000 1.641736987144164 0.605133266135808 1.576756434637818
1.699998300000000 1.705382515038321 0.580806315727414 1.580517241767403
