0.000000000000000 0.023161000000000 1.355043000000000 1.036901000000000
0.033333300000000 0.668712650841008 1.005402819161933 0.394116321935276
0.066666600000000 0.696397828748081 1.013074248326259 0.429804941717717
0.099999900000000 0.722032790842141 1.020845174996748 0.465273757548351
0.133333200000000 0.747032283260467 1.027491869003258 0.496766198120548
0.166666500000000 0.768942284473113 1.031619189255079 0.524411154706365
0.199999800000000 0.790594935624618 1.032964374022433 0.548844872052707
0.233333100000000 0.816129739450971 1.036149912178638 0.572528234809468
0.266666400000000 0.844996426141987 1.042082064467845 0.598285132188588
0.299999700000000 0.872365847524173 1.047640028403683 0.627088908228120
0.333333000000000 0.895950266160927 1.051422637839001 0.655930810379317
0.366666300000000 0.918237763439650 1.053110259791622 0.681920983362935
0.399999600000000 0.942187839627808 1.053244201757398 0.706935023220491
0.433332900000000 0.969544315958129 1.053731779036525 0.733128961704257
0.466666200000000 1.001651544401015 1.057544261258522 0.758983033259571
0.499999500000000 1.038559107683787 1.068212814415628 0.782908218661289
0.533332800000000 1.075533271239523 1.083044743099506 0.807594162448165
0.566666100000000 1.103495407361830 1.093292890820714 0.838507912098254
0.599999400000000 1.120532076388967 1.096470899036921 0.874654493936146
0.633332700000000 1.135601782925373 1.097730610268595 0.908365407620979
0.666666000000000 1.154816252403072 1.100956386629750 0.936914393404645
0.699999300000000 1.177951646360981 1.105825846742493 0.962177933219998
0.733332600000000 1.206517772630033 1.110190550192788 0.983651910935832
0.766665900000000 1.238761911214234 1.112312093397429 1.002819074848730
0.799999200000000 1.267157031740746 1.111051077233682 1.025056792515434
0.833332500000000 1.290556917492084 1.107106545701075 1.051329558461507
0.866665800000000 1.316723841228254 1.103133242961371 1.076153243478849
0.899999100000000 1.352036775187022 1.098486780900905 1.094828809926449
0.933332400000000 1.392444402951461 1.088542320159513 1.110821552897091
0.966665700000000 1.427643755874076 1.072469903892120 1.132677135449923
0.999999000000000 1.454964441774082 1.057471407453448 1.162917015758269
1.033332300000000 1.477499213609407 1.052644072341681 1.200016022129701
1.066665600000000 1.495791941669188 1.061536499611406 1.243514731959414
1.099998900000000 1.514429886615172 1.080828795032518 1.287094716289140
1.133332200000000 1.540052645996692 1.098557123980962 1.322031553960085
1.166665500000000 1.572505720759028 1.106299659133384 1.347260116643408
1.199998800000000 1.605034287508977 1.113159877906906 1.369699941694629
1.233332100000000 1.636407859768417 1.134413521357443 1.391233189026743
1.266665400000000 1.665577400366433 1.166944620759843 1.411226999629520
1.299998700000000 1.692787532911804 1.190392223920064 1.431137816711892
1.333332000000000 1.720090997173225 1.202742281122913 1.451789490537933
1.366665300000000 1.748624138232666 1.215143312380066 1.471936696164693
1.399998600000000 1.778566530324566 1.224460496753246 1.491924194037670
1.433331900000000 1.810055153419418 1.222701244802683 1.511795335328364
1.466665200000000 1.842858428256251 1.212023821545741 1.530925065386775
1.499998500000000 1.875514945031581 1.200080490902367 1.551919354480927
1.533331800000000 1.909022941906675 1.192703241401093 1.575472190608151
1.566665100000000 1.948109575561675 1.192310892566013 1.596303809480012
1.599998400000000 1.991704321477297 1.198314638316893 1.613369506539391
1.633331700000000 2.030701566706043 1.205314518493953 1.633643155324843
1.666665000000000 2.062743220201112 1.211224748361330 1.658949474761340
1.699998300000000 2.089005320292143 1.225763910454254 1.687308176365513
