0.000000000000000 0.165625000000000 0.687861000000000 0.958003000000000
0.033333300000000 0.453975464447743 0.983003949316110 0.408027399290970
0.066666600000000 0.484059158769868 0.976415403794631 0.434474421774165
0.099999900000000 0.511184158915649 0.986376179473389 0.463241205956141
0.133333200000000 0.536735964361164 1.012549505881377 0.488043409139959
0.166666500000000 0.562730550446906 1.043927264792652 0.503377244541345
0.199999800000000 0.594823406543626 1.060732520230634 0.509975529732968
0.233333100000000 0.633996090900919 1.064514275973312 0.514543520482068
0.266666400000000 0.675152312470973 1.076394856490346 0.522526707104167
0.299999700000000 0.713498702626713 1.097031491917690 0.534915597083796
0.333333000000000 0.741113141419386 1.115545535029707 0.555696942962588
0.366666300000000 0.743299505476969 1.146228471449072 0.592340262510920
0.399999600000000 0.712641276234504 1.198890929700584 0.639913969616047
0.433332900000000 0.694973053923475 1.205954115191916 0.681224074933723
0.466666200000000 0.761136237781370 1.071883245938114 0.704038834674838
0.499999500000000 0.910999042388253 0.850389540498706 0.661759244784020
0.533332800000000 1.035740961106107 0.697885118600959 0.597042631642680
0.566666100000000 1.070061970334995 0.651757148486171 0.611174957491972
0.599999400000000 1.042997604175389 0.658627765603754 0.680441386640242
0.633332700000000 1.016939096019331 0.683669475385225 0.746556320053087
0.666666000000000 1.019732135180895 0.730982920223315 0.802944260838129
0.699999300000000 1.034573190851302 0.811070499046388 0.860132758547906
0.733332600000000 1.051398481159395 0.908324185233620 0.912411200981815
0.766665900000000 1.065469576395015 0.987169848667559 0.957850856875433
0.799999200000000 1.070995751096247 1.037933131479117 1.005434060114254
0.833332500000000 1.071393448898085 1.085113611765945 1.052591996625179
0.866665800000000 1.069389210662095 1.154494445065257 1.087976677163188
0.899999100000000 1.062397944441249 1.242949922555953 1.107847415678540
0.933332400000000 1.057872987101526 1.322698593480220 1.117761761180353
0.966665700000000 1.063853207489572 1.381455513815534 1.123208884527819
0.999999000000000 1.079226078098813 1.423677344323328 1.127882926656449
1.033332300000000 1.105899452489675 1.443282817455810 1.141242823471102
1.066665600000000 1.144141499322199 1.441589090508196 1.164860465771680
1.099998900000000 1.188155467304223 1.438029460671267 1.187284481951505
1.133332200000000 1.230362603303649 1.436465924750553 1.206210622694010
1.166665500000000 1.267087528162525 1.423833373204436 1.229487138651108
1.199998800000000 1.303811972193512 1.393403873464409 1.261982923928039
1.233332100000000 1.357043353474377 1.351392706449762 1.297051485592740
1.266665400000000 1.427964375299211 1.305295258606986 1.324680270572735
1.299998700000000 1.490047002447019 1.232237899357392 1.346737350637796
1.333332000000000 1.513357012750892 1.116515649386707 1.372407818750164
1.366665300000000 1.495204649497313 0.982655157472331 1.403440341006997
1.399998600000000 1.470253412941618 0.858227061196321 1.428813275771442
1.433331900000000 1.466281961056479 0.752252212488440 1.437160482166014
1.466665200000000 1.478247711595856 0.663493527625144 1.431745593067913
1.499998500000000 1.501173320053545 0.593398724775703 1.425346602674932
1.533331800000000 1.531366523014377 0.546596939434760 1.429444898993662
1.566665100000000 1.562437162804494 0.520568262986794 1.446434128969520
1.599998400000000 1.593869954278799 0.509700132951571 1.473790472074660
1.633331700000000 1.623920028132802 0.505829076359192 1.506233246395234
1.666665000000000 1.637800449919834 0.483877947461723 1.528402216901124
1.699998300000000 1.711785121784823 0.462242679026417 1.526128367132203
