0.000000000000000 0.160640000000000 1.056012000000000 0.983027000000000
0.033333300000000 0.381828801692438 1.339033557938335 0.343035197670786
0.066666600000000 0.413631066729208 1.333437044928360 0.373142201728811
0.099999900000000 0.442446532450929 1.343356440743466 0.399786762444755
0.133333200000000 0.467470108015963 1.368280858478836 0.418447212765057
0.166666500000000 0.489977693012430 1.397851525136915 0.428338259494335
0.199999800000000 0.518380166171524 1.414062015079983 0.435807422345775
0.233333100000000 0.557416204249318 1.418626806244279 0.444357634146554
0.266666400000000 0.600927422921026 1.430744844677597 0.451021642092328
0.299999700000000 0.640400501022615 1.450362342112109 0.457454731198769
0.333333000000000 0.668203645827796 1.467195715708105 0.470770493612337
0.366666300000000 0.674555312626555 1.494202141039885 0.490483583482841
0.399999600000000 0.657134275553683 1.539437183544719 0.509019235305819
0.433332900000000 0.655327245929673 1.544258502440363 0.539222232931444
0.466666200000000 0.722141563507361 1.425618213202458 0.606380193332671
0.499999500000000 0.870975057134183 1.216970748888584 0.647528719080492
0.533332800000000 1.009943118868927 1.063414872933044 0.640730924993682
0.566666100000000 1.054496335876267 1.016143034281518 0.667449936396461
0.599999400000000 1.029019704829469 1.024187378892115 0.728990300781955
0.633332700000000 1.001288249260070 1.050509519843056 0.783564994709179
0.666666000000000 0.997489690875855 1.098783335322777 0.823299553172091
0.699999300000000 1.000225277676583 1.178438513582640 0.853264519755823
0.733332600000000 0.999966952921959 1.271727144826698 0.873949584044591
0.766665900000000 0.995998336975213 1.344129485657234 0.895083237391532
0.799999200000000 0.988368366376986 1.388604230140231 0.925504601439966
0.833332500000000 0.977959870320906 1.428519874787103 0.954978016098362
0.866665800000000 0.962488303637805 1.485993237910830 0.966046652660817
0.899999100000000 0.941239731656041 1.556798713726718 0.956170507744554
0.933332400000000 0.925510817064098 1.617867900168700 0.940162471854605
0.966665700000000 0.924036841813239 1.661607766870876 0.927882824580524
0.999999000000000 0.934748200342596 1.693155304316618 0.921257614292148
1.033332300000000 0.958209283480632 1.708504747368237 0.931406721562164
1.066665600000000 0.994001994954024 1.708901429125785 0.959462374422388
1.099998900000000 1.035184346463115 1.708503641941505 0.988212225481542
1.133332200000000 1.073804244260165 1.709471424623072 1.013483648242284
1.166665500000000 1.111243512108316 1.702680836455558 1.044708836757672
1.199998800000000 1.157281463632268 1.683496433526301 1.087165015158301
1.233332100000000 1.222010837463341 1.654347789397598 1.135278044380168
1.266665400000000 1.304666454493053 1.620540809239013 1.177697282020567
1.299998700000000 1.385408578746115 1.563342064050805 1.221809355367992
1.333332000000000 1.436141874295988 1.465708009701895 1.281365577920677
1.366665300000000 1.447416177043038 1.344769755702849 1.350757303601486
1.399998600000000 1.444817361195868 1.226025840005096 1.412587107591423
1.433331900000000 1.454215334512518 1.120713286932168 1.453804697739680
1.466665200000000 1.473186696806851 1.029712833806826 1.476956382832226
1.499998500000000 1.499310197952661 0.956127486434425 1.493247882806954
1.533331800000000 1.532294462751519 0.906340837004811 1.511722790137863
1.566665100000000 1.566863361089771 0.878712773713101 1.535311095318768
1.599998400000000 1.600480642811536 0.867552472870917 1.563702785174329
1.633331700000000 1.630985994540697 0.863903983201042 1.595220073908253
1.666665000000000 1.647338841500848 0.840002781386243 1.624684711106313
1.699998300000000 1.692147119481422 0.812670224184778 1.640150708081108
