0.000000000000000 1.104159000000000 0.023518000000000 0.114920000000000
0.033333300000000 0.397217908983424 0.088784388677353 -1.436563878224653
0.066666600000000 0.437480566042614 0.115391192536452 -1.410981056875017
0.099999900000000 0.487389103611866 0.129083376338624 -1.370554743988373
0.133333200000000 0.555696508988129 0.124681408482120 -1.310951714300868
0.166666500000000 0.634637744433072 0.115343589587081 -1.240896403979143
0.199999800000000 0.707739721128355 0.111156112990481 -1.174617447991890
0.233333100000000 0.786185579026008 0.110334670552638 -1.105618940945226
0.266666400000000 0.897225538883026 0.100452505421255 -1.008723950220514
0.299999700000000 1.033562709846785 0.091021654772096 -0.883060535129593
0.333333000000000 1.150302646577085 0.101224774683683 -0.773173637759191
0.366666300000000 1.226110767475065 0.114772214033019 -0.705741426137319
0.399999600000000 1.285575370491789 0.110638193958052 -0.649755059807226
0.433332900000000 1.343884243425363 0.089180156543619 -0.585011652749047
0.466666200000000 1.383199618128836 0.068181182135321 -0.539639474451512
0.499999500000000 1.390984415081620 0.056112554656858 -0.536835548770572
0.533332800000000 1.380714524740939 0.043821953054172 -0.552313954921641
0.566666100000000 1.377005949392623 0.026581262029660 -0.552375731721669
0.599999400000000 1.379710737008109 0.013471922805022 -0.544504153582747
0.633332700000000 1.377010212561582 0.008245077455991 -0.546464510260791
0.666666000000000 1.368037418801223 0.003487995794787 -0.556622999540147
0.699999300000000 1.356431906002784 -0.000240841399052 -0.569414731949536
0.733332600000000 1.342633380130762 -0.002070821975490 -0.584226021198960
0.766665900000000 1.330593863554058 -0.002562176594718 -0.596389359908579
0.799999200000000 1.325991149538112 -0.004326957116430 -0.600508603248076
0.833332500000000 1.326766187634581 -0.007774878181819 -0.599348928100611
0.866665800000000 1.325233499268811 -0.015350728290057 -0.600779634347522
0.899999100000000 1.317940543360322 -0.025720354990899 -0.607413881039194
0.933332400000000 1.304375872790105 -0.028821806485061 -0.620179491311385
0.966665700000000 1.287441481159072 -0.015750742777877 -0.638833751552089
0.999999000000000 1.277452150397055 0.012605825441686 -0.653961849982144
1.033332300000000 1.285247679270409 0.044707231219950 -0.653813565968559
1.066665600000000 1.312810650061137 0.071750367674561 -0.636632422583764
1.099998900000000 1.349107681396870 0.101352696403662 -0.612350665259013
1.133332200000000 1.384647041248634 0.136316670247000 -0.585815762633084
1.166665500000000 1.426930738710589 0.157141011932206 -0.548000295333406
1.199998800000000 1.469206877440457 0.163306560056458 -0.505465177987055
1.233332100000000 1.479384296651710 0.165729788811118 -0.478257495080242
1.266665400000000 1.483750916981899 0.152616713503805 -0.452196394940920
1.299998700000000 1.557380468674412 0.124781412108343 -0.393773522242753
1.333332000000000 1.686679374132716 0.101097917412959 -0.299290682207397
1.366665300000000 1.815740399338533 0.091260632003216 -0.190537964668486
1.399998600000000 1.932644783533508 0.099813497626441 -0.085242229219164
1.433331900000000 2.025461221424578 0.107495628156751 0.000009050141795
1.466665200000000 2.094360263651319 0.096358993699757 0.068073194532690
1.499998500000000 2.156687573950952 0.072809819625676 0.141251667500269
1.533331800000000 2.202275395320906 0.044772549547644 0.207112813062067
1.566665100000000 2.206739303929635 0.018857460349648 0.225745370017200
1.599998400000000 2.183394391725155 0.001018291632794 0.208042783920435
1.633331700000000 2.177578623404525 -0.010263723577453 0.202553021175651
1.666665000000000 2.195698491498624 -0.024920733264505 0.219767626907719
1.699998300000000 2.210930947455715 -0.043540511251814 0.246587034041910
