0.000000000000000 0.164507000000000 1.665638000000000 -0.043393000000000
0.033333300000000 -0.014296392368754 1.617760702630355 -0.748107741016704
0.066666600000000 0.011807433553613 1.624260643627084 -0.712747402340815
0.099999900000000 0.037144152074340 1.628975495926064 -0.686191402258495
0.133333200000000 0.056835302100450 1.633913185802744 -0.670596134508240
0.166666500000000 0.069947228539822 1.641799657028795 -0.662193971953405
0.199999800000000 0.081361996773447 1.654276927576885 -0.648862456205450
0.233333100000000 0.096782144084849 1.667572356037525 -0.628507304234211
0.266666400000000 0.114538574694005 1.675296074433600 -0.611436517024160
0.299999700000000 0.129980130879594 1.675840955787015 -0.597925407395874
0.333333000000000 0.147960577071464 1.669612505149981 -0.584488534691613
0.366666300000000 0.180169491308897 1.652980221958504 -0.584490314123521
0.399999600000000 0.234725958844487 1.626269902930530 -0.604187000206707
0.433332900000000 0.296957668179375 1.612562827113062 -0.597484714654353
0.466666200000000 0.332566075644046 1.638528451276093 -0.501815173015176
0.499999500000000 0.360811615066676 1.665273974982855 -0.334283047830620
0.533332800000000 0.415889499565429 1.665831820347256 -0.201522587154978
0.566666100000000 0.471236098551671 1.662733506452184 -0.149204841940994
0.599999400000000 0.516312811243913 1.663505404962978 -0.139111613036753
0.633332700000000 0.555110069382545 1.666067247216968 -0.136875413882675
0.666666000000000 0.583431257084423 1.667445650500193 -0.141260250400631
0.699999300000000 0.600002459624631 1.662998790221058 -0.161732950205610
0.733332600000000 0.607124531580326 1.650614679408615 -0.187801751337806
0.766665900000000 0.615359720673517 1.634477505642391 -0.198538772736112
0.799999200000000 0.635934079920491 1.617585571463271 -0.191882696891952
0.833332500000000 0.662701591777398 1.597700545921424 -0.183963162405478
0.866665800000000 0.683598696585349 1.569705940867626 -0.191713970404012
0.899999100000000 0.698792685535659 1.531614123779506 -0.212496196861475
0.933332400000000 0.715125621707377 1.493697499601149 -0.228390798184356
0.966665700000000 0.735522021258028 1.466340989304176 -0.234670411883746
0.999999000000000 0.757574591427396 1.449828743759188 -0.233990581031875
1.033332300000000 0.777633256603448 1.446842065436458 -0.219298121118911
1.066665600000000 0.794788152629478 1.456962334241760 -0.190336580030281
1.099998900000000 0.806972711663213 1.469805490709206 -0.159018994678468
1.133332200000000 0.815056725402024 1.482097522573274 -0.129559509300828
1.166665500000000 0.829885081281287 1.501021739876325 -0.097818013546365
1.199998800000000 0.859431998009690 1.527777746176671 -0.058362911961693
1.233332100000000 0.887933594942233 1.551856993354608 -0.006249400446229
1.266665400000000 0.908089941113297 1.571325403834057 0.052751945182898
1.299998700000000 0.939521631636683 1.605091812676941 0.115175400963546
1.333332000000000 0.997430482919172 1.652459796546809 0.186900846031342
1.366665300000000 1.072083319345170 1.686854285580719 0.270340615294088
1.399998600000000 1.140210601322991 1.698826186192408 0.359557499998552
1.433331900000000 1.192563628529059 1.697215537371275 0.441687906183237
1.466665200000000 1.233707532358210 1.688366992550976 0.510508630013163
1.499998500000000 1.269662961815227 1.675859499121763 0.568886045206293
1.533331800000000 1.305364222690989 1.663890306518140 0.617397146340518
1.566665100000000 1.342700703311619 1.654555929408675 0.656098174301132
1.599998400000000 1.379936573963847 1.647247350905178 0.686985606696955
1.633331700000000 1.414725044202962 1.641722461915537 0.715773420839919
1.666665000000000 1.451891031859458 1.637554154705863 0.758134758426971
1.699998300000000 1.460036072473788 1.637305518575335 0.808707430895169
