0.000000000000000 1.161660000000000 1.343432000000000 -0.014483000000000
0.033333300000000 1.063524970819164 1.418550130763763 -0.776985826783435
0.066666600000000 1.089150359813718 1.417616340172639 -0.748478873931921
0.099999900000000 1.115235587799186 1.413367014631580 -0.720631935590635
0.133333200000000 1.139141646545792 1.412628119661615 -0.696436683438055
0.166666500000000 1.160192372582634 1.420445045415373 -0.677653822897660
0.199999800000000 1.178919670862303 1.432100559747109 -0.666989203298175
0.233333100000000 1.197167963659576 1.433732722028500 -0.664458624648680
0.266666400000000 1.215605908049507 1.419621545532084 -0.665706750746612
0.299999700000000 1.232841461775876 1.399960295657937 -0.663686076568183
0.333333000000000 1.252911090003369 1.382680516371104 -0.648498197406560
0.366666300000000 1.286525385951783 1.353952289306071 -0.606133818608139
0.399999600000000 1.337113240767961 1.304169626569317 -0.525867742858181
0.433332900000000 1.384856629446731 1.266610189240450 -0.450548359523767
0.466666200000000 1.409359587465085 1.292665355658844 -0.458898730852352
0.499999500000000 1.398247480273695 1.364623349177834 -0.541445312483897
0.533332800000000 1.382498674748144 1.409525448103655 -0.603412771133178
0.566666100000000 1.416856292510885 1.406065434349852 -0.581675062334761
0.599999400000000 1.487934024111236 1.384041658101093 -0.495162519242402
0.633332700000000 1.551348118307858 1.369974690224797 -0.408414014108579
0.666666000000000 1.598093950322943 1.370585901648798 -0.348795243671327
0.699999300000000 1.635829454496960 1.377883224603495 -0.302118943726340
0.733332600000000 1.666283271512923 1.396906675390889 -0.259568910032334
0.766665900000000 1.692687139944422 1.429505127036369 -0.214717944595122
0.799999200000000 1.721555878588074 1.460306950590451 -0.160457559987623
0.833332500000000 1.751762846344200 1.487573161909207 -0.102848943822939
0.866665800000000 1.776574436024648 1.518708896269716 -0.053376439183569
0.899999100000000 1.794235278922763 1.549986459993167 -0.015145924107530
0.933332400000000 1.810341200175816 1.575181359429174 0.015113353426338
0.966665700000000 1.831493728025509 1.591970309363180 0.041861886309821
0.999999000000000 1.857604950281562 1.600221722628287 0.067049178215934
1.033332300000000 1.884722109927028 1.602869345884700 0.091266555815730
1.066665600000000 1.911404974377643 1.602010337715556 0.113913269110662
1.099998900000000 1.935732045370830 1.598387745542802 0.128589394034351
1.133332200000000 1.956031002880513 1.596412095902194 0.138453301569655
1.166665500000000 1.979274831412371 1.590573699050710 0.156881897349943
1.199998800000000 2.011058676908622 1.569362788138585 0.184540732282593
1.233332100000000 2.037992753936061 1.537191287729363 0.193273637901123
1.266665400000000 2.053088504980569 1.495108911821234 0.173359754769546
1.299998700000000 2.069996014910982 1.451430881904206 0.161875468511896
1.333332000000000 2.102238745268313 1.421063623540013 0.192455383296966
1.366665300000000 2.144907500642798 1.397073793327098 0.261065935219727
1.399998600000000 2.184314774478010 1.375605305800784 0.331849357858054
1.433331900000000 2.217327315673423 1.359525659276126 0.380328195291628
1.466665200000000 2.247507629519728 1.348604857304582 0.414832470819426
1.499998500000000 2.277416401137342 1.341842383075497 0.443621896954020
1.533331800000000 2.307947659828892 1.334298684151859 0.467187071687343
1.566665100000000 2.339716930136386 1.324181671153995 0.488086033970800
1.599998400000000 2.372996569409406 1.316006579433657 0.510165896613274
1.633331700000000 2.406121464362658 1.311540917555313 0.537112211337004
1.666665000000000 2.439921409471819 1.306037473419651 0.577416200678527
1.699998300000000 2.472071187572077 1.394349609053925 0.632114108460727
