0.000000000000000 0.169462000000000 1.723314000000000 0.007402000000000
0.033333300000000 -0.007553068115692 1.687929685813569 -0.717090839627598
0.066666600000000 0.019185930378483 1.694108339340787 -0.681155279681973
0.099999900000000 0.045057516011185 1.698995570267910 -0.655114517778569
0.133333200000000 0.064851429156362 1.704490281589056 -0.640833398660782
0.166666500000000 0.077556472975840 1.712928767876629 -0.633664092614205
0.199999800000000 0.088835103393689 1.725476212985952 -0.620471974222220
0.233333100000000 0.105211533766011 1.738557548202110 -0.599849793604022
0.266666400000000 0.124581338777028 1.746436642429591 -0.583699103805960
0.299999700000000 0.141277559515307 1.747480983120215 -0.572016344483268
0.333333000000000 0.159707254835008 1.741801192602214 -0.560363497900156
0.366666300000000 0.191800429672600 1.726092822213536 -0.563266071808539
0.399999600000000 0.246390448538532 1.700563456438635 -0.587585415543913
0.433332900000000 0.309561294072173 1.686958690700023 -0.582070139684388
0.466666200000000 0.346628722631663 1.710294887362298 -0.477669249058002
0.499999500000000 0.379642618690981 1.730092556228438 -0.297200010914917
0.533332800000000 0.441347652355809 1.723903471856439 -0.157810223074575
0.566666100000000 0.498561110012465 1.718572620846164 -0.103745606737960
0.599999400000000 0.541138569038783 1.719796504924306 -0.092784527643279
0.633332700000000 0.576828542864233 1.723595778897741 -0.090507526522137
0.666666000000000 0.602326225209968 1.727233265047614 -0.096543068554459
0.699999300000000 0.615569555744797 1.726409510125509 -0.120892392679721
0.733332600000000 0.618482825781475 1.717867072645837 -0.152034310986760
0.766665900000000 0.622065478055044 1.704335849440842 -0.166820487068732
0.799999200000000 0.638412293337686 1.688886035924335 -0.162877458689998
0.833332500000000 0.661092339040711 1.670141536468162 -0.157868752654790
0.866665800000000 0.677294595467936 1.643391217836029 -0.170221104304046
0.899999100000000 0.687578167721091 1.606270417614777 -0.197268795283240
0.933332400000000 0.699881782374026 1.568613690435264 -0.219095719486459
0.966665700000000 0.717562156822766 1.541068392605589 -0.229723482582721
0.999999000000000 0.738014235084143 1.524290926394573 -0.231996230471876
1.033332300000000 0.757462527966785 1.521161239647756 -0.218296288760923
1.066665600000000 0.774857582641467 1.531328662883267 -0.188430346099381
1.099998900000000 0.787644155809884 1.544289216816979 -0.155890656505106
1.133332200000000 0.796214221840077 1.556649030802329 -0.125288946540359
1.166665500000000 0.812196924186424 1.575735887449529 -0.091807733513602
1.199998800000000 0.844658411864939 1.602889769909611 -0.049929269779556
1.233332100000000 0.877427395009566 1.627331742641563 0.004903644974447
1.266665400000000 0.903002341823982 1.646966053237074 0.066309993282259
1.299998700000000 0.940858398177814 1.680053248224003 0.132787932700868
1.333332000000000 1.004797015592408 1.724960495708464 0.211812514896191
1.366665300000000 1.083539442544358 1.755303055714361 0.303728159796153
1.399998600000000 1.153788231775610 1.762687323938519 0.400406099176053
1.433331900000000 1.207366422851479 1.756598585215608 0.488439761065860
1.466665200000000 1.249161876555499 1.743621972105736 0.561882314967959
1.499998500000000 1.285425975194673 1.727663175448083 0.623650189993529
1.533331800000000 1.321645699362598 1.713361036613908 0.674131310714232
1.566665100000000 1.359658606988967 1.702829596955449 0.713659337861759
1.599998400000000 1.397236176545862 1.695253416685558 0.744668762165377
1.633331700000000 1.431945692923119 1.689845755818742 0.773382472798467
1.666665000000000 1.468785806353965 1.684326357576847 0.816940648092678
1.699998300000000 1.471855573609578 1.682099539905452 0.870229785141231
