0.000000000000000 1.146367000000000 0.691719000000000 -0.066410000000000
0.033333300000000 1.100309418766968 0.804119540096911 -0.841590386208264
0.066666600000000 1.120804465550072 0.804816896852797 -0.821073711913156
0.099999900000000 1.141066505387661 0.802646983567517 -0.794050976942973
0.133333200000000 1.160760250121873 0.806371906452683 -0.768688957061951
0.166666500000000 1.180221507185381 0.822058055772029 -0.753909803722402
0.199999800000000 1.196362094352681 0.842824202104236 -0.755709614090626
0.233333100000000 1.205509837750340 0.852133336159680 -0.765908776521408
0.266666400000000 1.209378776869288 0.845202042130382 -0.770703248323069
0.299999700000000 1.213822253809389 0.833062643323997 -0.765579900838050
0.333333000000000 1.227812791262299 0.820004003677069 -0.743175799993006
0.366666300000000 1.258130514964457 0.791674053041432 -0.680660866074925
0.399999600000000 1.299932277856185 0.744706481859388 -0.568430979498398
0.433332900000000 1.336053748076143 0.707092912075716 -0.481292502542568
0.466666200000000 1.361948574996130 0.715127124223083 -0.530076766233300
0.499999500000000 1.353053802187774 0.767050937531749 -0.683206931701880
0.533332800000000 1.325661769961656 0.804163799356808 -0.787133121614955
0.566666100000000 1.353236144926602 0.797414257178715 -0.770812096988555
0.599999400000000 1.427489543941453 0.774356147151039 -0.679729425888970
0.633332700000000 1.498333295085325 0.759236242402422 -0.585299917731300
0.666666000000000 1.557536521917484 0.756988704799685 -0.509070178896605
0.699999300000000 1.613398789467119 0.761779214473429 -0.433630389370106
0.733332600000000 1.669428107676367 0.781280676545174 -0.357703376126442
0.766665900000000 1.726868394859313 0.815830239491345 -0.284922690702070
0.799999200000000 1.784540181192416 0.847116473246617 -0.205241412301558
0.833332500000000 1.841196961009466 0.876475934832919 -0.120082136202000
0.866665800000000 1.893855196610173 0.917211461044978 -0.041290506813260
0.899999100000000 1.938032067014848 0.965982655772861 0.027178287490582
0.933332400000000 1.973867387269637 1.010990581373342 0.080899126379245
0.966665700000000 2.005434583314832 1.046031654203920 0.117123851782748
0.999999000000000 2.033862287642105 1.070336495589662 0.140405482694043
1.033332300000000 2.058788211817514 1.083431554803804 0.154428843328975
1.066665600000000 2.080503650867412 1.086909134433049 0.160510029759790
1.099998900000000 2.097849831294220 1.086968855724606 0.157476555648585
1.133332200000000 2.111532506936122 1.089850398131070 0.150422278879001
1.166665500000000 2.125120606217792 1.085189239688882 0.152272628389089
1.199998800000000 2.139769507061323 1.055634681649634 0.167278067743107
1.233332100000000 2.146275180165736 1.005607015282770 0.170624777988591
1.266665400000000 2.136187424984751 0.942616163015980 0.150722957940773
1.299998700000000 2.118452883463401 0.881815101134382 0.124607382287404
1.333332000000000 2.113887305703811 0.838905109509881 0.117980642043132
1.366665300000000 2.129056951881727 0.803214047987632 0.147524764924188
1.399998600000000 2.152077437374072 0.771523059561744 0.188293141193653
1.433331900000000 2.175091767625996 0.751966003048656 0.208795583004514
1.466665200000000 2.200070710578031 0.744373982066779 0.213664454749659
1.499998500000000 2.228435602730595 0.743086654438783 0.217052414488319
1.533331800000000 2.256458265260748 0.739087654265871 0.225916320468445
1.566665100000000 2.283979289233499 0.728929378556932 0.243415278492240
1.599998400000000 2.315361669953532 0.717346888919114 0.270617883355200
1.633331700000000 2.349521049000098 0.708821600487418 0.304738784085321
1.666665000000000 2.382668403171787 0.703061499493982 0.341632630151544
1.699998300000000 2.468611033224903 0.796405074489235 0.374242182421038
