0.000000000000000 0.165625000000000 1.687861000000000 -0.041997000000000
0.033333300000000 -0.017346272403152 1.639387832534294 -0.752582792902462
0.066666600000000 0.008858291606922 1.645944734983350 -0.717009234438797
0.099999900000000 0.034295151878521 1.650646013869405 -0.690588271080493
0.133333200000000 0.053951609980401 1.655498718681620 -0.675372069923604
0.166666500000000 0.066848238125962 1.663277410324121 -0.667308934397051
0.199999800000000 0.078031060041950 1.675728143634960 -0.653942875392930
0.233333100000000 0.093429363546965 1.689069274451261 -0.633375756799242
0.266666400000000 0.111311812157668 1.696786007483861 -0.616419608564568
0.299999700000000 0.126805348581674 1.697243985106301 -0.603300494587594
0.333333000000000 0.144790397466163 1.690894225903564 -0.590327955961444
0.366666300000000 0.177267227867441 1.674002396331858 -0.591324447159007
0.399999600000000 0.232663657581069 1.646775454271220 -0.612691689896121
0.433332900000000 0.295882278243297 1.632886944333541 -0.606586047781626
0.466666200000000 0.331512927795010 1.659837306542084 -0.508286960701829
0.499999500000000 0.359618250599449 1.687480452606769 -0.335866951399923
0.533332800000000 0.415471408925615 1.688050164434044 -0.199725129156023
0.566666100000000 0.471433617053790 1.684880699060740 -0.146650763829250
0.599999400000000 0.516666289791337 1.685691601211512 -0.136941770199581
0.633332700000000 0.555414494085445 1.688305519313636 -0.135317515055791
0.666666000000000 0.583364617128396 1.689732238084445 -0.140656891497709
0.699999300000000 0.599221357217532 1.685257238403522 -0.162738849076364
0.733332600000000 0.605323559830678 1.672648585154241 -0.190686879991750
0.766665900000000 0.612478976232402 1.656158717235806 -0.202861601012434
0.799999200000000 0.632270850304027 1.638924834118884 -0.197200312745182
0.833332500000000 0.658397131800215 1.618637253616346 -0.190302433988412
0.866665800000000 0.678485407176806 1.589967383109440 -0.199484986985264
0.899999100000000 0.692816023522923 1.550855649053840 -0.222041026003742
0.933332400000000 0.708466220934429 1.511849160067643 -0.239491706273795
0.966665700000000 0.728405830276456 1.483611626904413 -0.246841912223678
0.999999000000000 0.750171475403596 1.466468357546529 -0.246850501187809
1.033332300000000 0.770031242857974 1.463229944528435 -0.232363618665927
1.066665600000000 0.787033065428814 1.473475858197391 -0.203151522658448
1.099998900000000 0.799039233905825 1.486504712793398 -0.171479186549216
1.133332200000000 0.806896920976025 1.498946760918174 -0.141666582767451
1.166665500000000 0.821765388143611 1.518214371946677 -0.109460365430136
1.199998800000000 0.851883422931247 1.545614880679941 -0.069404471101724
1.233332100000000 0.881082221685957 1.570417269749362 -0.016527305990813
1.266665400000000 0.901934468488761 1.590560019646785 0.043307353249329
1.299998700000000 0.934479433422095 1.625217498159659 0.107014917521034
1.333332000000000 0.994052036588532 1.673634448894646 0.180795052383571
1.366665300000000 1.070510473407185 1.708778739497811 0.266611681788020
1.399998600000000 1.140013158894983 1.721072074107734 0.358093957602055
1.433331900000000 1.193185493181544 1.719494793210846 0.442243345278878
1.466665200000000 1.234757506591470 1.710518378079613 0.512805180093428
1.499998500000000 1.270907999509466 1.697814213430021 0.572560398180995
1.533331800000000 1.306776990888206 1.685672069400058 0.621938000971182
1.566665100000000 1.344323315723013 1.676237237140395 0.661032593517699
1.599998400000000 1.381690942867032 1.668904359233135 0.691981269719451
1.633331700000000 1.416508323170933 1.663389004096242 0.720717238702071
1.666665000000000 1.453830027066124 1.659096932355140 0.763539339608000
1.699998300000000 1.460216706260668 1.658625315618774 0.815226180350516
