0.000000000000000 1.155032000000000 0.733298000000000 -0.054929000000000
0.033333300000000 1.103184981296342 0.847961556356555 -0.843896145694188
0.066666600000000 1.123929817580331 0.848659723474781 -0.823009572311435
0.099999900000000 1.144425414553228 0.846457453487523 -0.796302483461239
0.133333200000000 1.164080483687525 0.850136109505328 -0.771751301890930
0.166666500000000 1.183148185125011 0.865791450023139 -0.757722100997629
0.199999800000000 1.198907413806433 0.886576239333521 -0.759581127055890
0.233333100000000 1.208156353886348 0.895898022691908 -0.769563388751486
0.266666400000000 1.212446401854755 0.888895518264820 -0.774847961489906
0.299999700000000 1.217139785141184 0.876627166392961 -0.770760305650585
0.333333000000000 1.231196241880446 0.863426662098033 -0.749399450414852
0.366666300000000 1.261925935947646 0.834765028308576 -0.688690228164356
0.399999600000000 1.305050731243866 0.787034815774630 -0.579285582663777
0.433332900000000 1.342824632556445 0.748995248457516 -0.492870851133834
0.466666200000000 1.368965179731942 0.758073848764667 -0.536561682162227
0.499999500000000 1.360487834560272 0.810365763026938 -0.681140562420757
0.533332800000000 1.335100080246702 0.846482352730034 -0.779665379897369
0.566666100000000 1.363870817955274 0.839183914155183 -0.761985437614836
0.599999400000000 1.438100587769005 0.816130042957189 -0.670894483610343
0.633332700000000 1.508486497073858 0.801216880515841 -0.576918549109755
0.666666000000000 1.566742606514637 0.799441463414319 -0.502090198997091
0.699999300000000 1.621046210814212 0.804904405406394 -0.429453730147328
0.733332600000000 1.674906593006055 0.824928615042890 -0.356960618516903
0.766665900000000 1.729999110485261 0.859675026669219 -0.286804733208592
0.799999200000000 1.785821407301631 0.890947701059090 -0.208831782074398
0.833332500000000 1.840845362114959 0.920144200898026 -0.125436362951443
0.866665800000000 1.891492724612671 0.960400465898991 -0.049342675016982
0.899999100000000 1.933511986139946 1.008179538459549 0.015572175392403
0.933332400000000 1.967593867204147 1.051925325086554 0.066043298318878
0.966665700000000 1.997972928463270 1.085845252342038 0.099950909775557
0.999999000000000 2.025669780931712 1.109300009631369 0.121685540538164
1.033332300000000 2.050183181256749 1.122047899854754 0.135182020969120
1.066665600000000 2.071716042827398 1.125702536624895 0.141706949811099
1.099998900000000 2.088907561004025 1.126015084071310 0.139279394305284
1.133332200000000 2.102337415718460 1.129101361391476 0.132800672606328
1.166665500000000 2.116196031066174 1.124897952307151 0.135561011889402
1.199998800000000 2.132236748196955 1.096147080796558 0.151860065634648
1.233332100000000 2.140548481353302 1.046940036663749 0.156678628296519
1.266665400000000 2.132425892386317 0.984602620261677 0.138125537322476
1.299998700000000 2.117419495358231 0.924587093871426 0.114350775924145
1.333332000000000 2.116343050511439 0.882424031257015 0.111998803200682
1.366665300000000 2.134899819116849 0.846813526119295 0.146714803414452
1.399998600000000 2.160319643278236 0.814553104599580 0.192316982041505
1.433331900000000 2.184741296078162 0.794123339145186 0.216879792359486
1.466665200000000 2.210452673707584 0.785570653322889 0.225099398824406
1.499998500000000 2.239152098978419 0.783392362277511 0.231063676058553
1.533331800000000 2.267501841370168 0.778727045115116 0.241487670660905
1.566665100000000 2.295435901829456 0.768177905010155 0.259663602285074
1.599998400000000 2.327064274671997 0.756480394757977 0.286968008448394
1.633331700000000 2.361253376083211 0.747974357345225 0.321021380888297
1.666665000000000 2.394575236627245 0.741751892113765 0.358866018181499
1.699998300000000 2.477138697831868 0.834925851957391 0.393713635027351
