0.000000000000000 1.170840000000000 0.678949000000000 -0.016416000000000
0.033333300000000 1.139413595118887 0.809543074443153 -0.800324743309962
0.066666600000000 1.160219841716223 0.809637387284546 -0.780029934568981
0.099999900000000 1.180700288915357 0.807528659137270 -0.753225285087787
0.133333200000000 1.200584238997054 0.812015845959817 -0.728147663375524
0.166666500000000 1.220261373944066 0.828713058553710 -0.713736172159864
0.199999800000000 1.236907435116841 0.849800258367306 -0.716101421640142
0.233333100000000 1.246979401598502 0.858686713108851 -0.727195375060580
0.266666400000000 1.251951764495564 0.851610196606436 -0.733181561511154
0.299999700000000 1.257356960385177 0.839921350609395 -0.729260647827619
0.333333000000000 1.271723560388032 0.827576395647539 -0.707456003462164
0.366666300000000 1.301247721620590 0.800573583709098 -0.644286396818274
0.399999600000000 1.340829525958546 0.755618348093751 -0.530093700800800
0.433332900000000 1.375047697864193 0.718006965570921 -0.441021471003373
0.466666200000000 1.402218988666325 0.720546499285889 -0.489947935143646
0.499999500000000 1.397875690379167 0.763567059136463 -0.647989583770994
0.533332800000000 1.373845496972692 0.794321747422673 -0.758101016454430
0.566666100000000 1.401333474455236 0.785294093494655 -0.742507456666453
0.599999400000000 1.473223799715561 0.762092679147032 -0.647801603127260
0.633332700000000 1.541605800124650 0.747767262005233 -0.549840737519816
0.666666000000000 1.599377701351607 0.747717595836864 -0.471324147222255
0.699999300000000 1.654267820733480 0.756615974779921 -0.394077062817776
0.733332600000000 1.709323115332346 0.781421772028319 -0.316840588849312
0.766665900000000 1.765466800107589 0.820686489465459 -0.243113832627748
0.799999200000000 1.821324688267887 0.855374528828591 -0.162344964224274
0.833332500000000 1.875823902575220 0.887982454637968 -0.076150648806536
0.866665800000000 1.926116527950042 0.933150094523560 0.003055486557219
0.899999100000000 1.967765851588092 0.987276625109328 0.071040236761836
0.933332400000000 2.001371347685680 1.036963430909073 0.123681649731381
0.966665700000000 2.031383576146913 1.075261270742979 0.158761332721918
0.999999000000000 2.058932019772135 1.101674910683737 0.181035680463035
1.033332300000000 2.083786863191915 1.115567345454104 0.194475804376833
1.066665600000000 2.106217404526532 1.118652086414892 0.200417283395666
1.099998900000000 2.124734616310315 1.118115735027431 0.197080607326837
1.133332200000000 2.139587796887843 1.120507482783924 0.189594265442266
1.166665500000000 2.154276392548517 1.114687575404496 0.191530586972831
1.199998800000000 2.170339158048813 1.082788298643366 0.207147577355248
1.233332100000000 2.179237189731007 1.029798016509731 0.210495845410339
1.266665400000000 2.172580227963064 0.963564828737002 0.189428513789395
1.299998700000000 2.157940567039341 0.897848406840393 0.162621282783189
1.333332000000000 2.154463754981881 0.847861560559535 0.157156350272729
1.366665300000000 2.168401452163409 0.804560449214119 0.188896251523787
1.399998600000000 2.189435885090015 0.766285740616809 0.231168766838317
1.433331900000000 2.211171340833603 0.741509445381538 0.251810992614456
1.466665200000000 2.235475502804850 0.729874632447246 0.256063395927315
1.499998500000000 2.263540419377510 0.725644324710631 0.258583338470829
1.533331800000000 2.291547441771195 0.719758485956775 0.266616856205673
1.566665100000000 2.319073672135453 0.708550194528758 0.283595793820901
1.599998400000000 2.350378309763248 0.696646285877963 0.310701803262931
1.633331700000000 2.384372228653780 0.688155970124027 0.344984624409887
1.666665000000000 2.416719587731316 0.681220389660186 0.381942472824532
1.699998300000000 2.503147191172321 0.775075673295039 0.414413205608504
