0.000000000000000 0.146785000000000 1.797018000000000 -0.003835000000000
0.033333300000000 -0.046792526857282 1.751869151039471 -0.738181258738958
0.066666600000000 -0.019807705310092 1.758467617236683 -0.701408077970247
0.099999900000000 0.006326117525859 1.763430888347852 -0.675627066847554
0.133333200000000 0.025981993666422 1.768521191028989 -0.662327717328476
0.166666500000000 0.038002004136778 1.776262450812884 -0.655959489327194
0.199999800000000 0.048499878720106 1.788500021424029 -0.642240422363788
0.233333100000000 0.064664086122200 1.801887638112799 -0.620294849619509
0.266666400000000 0.084253990445850 1.810062230998297 -0.603656197027710
0.299999700000000 0.100986256725773 1.811000863928288 -0.592378853553869
0.333333000000000 0.119387520832754 1.804948966283319 -0.581798838884321
0.366666300000000 0.152379844563223 1.788450788373224 -0.588371801036380
0.399999600000000 0.209833648104956 1.761481624590545 -0.619606865309271
0.433332900000000 0.276362610410018 1.747889238806256 -0.617540011753146
0.466666200000000 0.313278931887239 1.775501012477200 -0.504291585897635
0.499999500000000 0.345285752054847 1.799598248974114 -0.305033305553227
0.533332800000000 0.409313586047318 1.794665825929657 -0.151540936371953
0.566666100000000 0.468503457058992 1.789915467588735 -0.094827544639353
0.599999400000000 0.511617280725006 1.791710062391110 -0.087332014207857
0.633332700000000 0.547340349986861 1.795718000746505 -0.089231708970741
0.666666000000000 0.571830592730657 1.798878788241275 -0.099662606980783
0.699999300000000 0.582971047070232 1.796593285438072 -0.130077763062556
0.733332600000000 0.582890532979960 1.785356918284239 -0.167880621056798
0.766665900000000 0.583429970856500 1.768663113173209 -0.187846586046378
0.799999200000000 0.597806135494798 1.750514020299056 -0.187896003834500
0.833332500000000 0.619081021351792 1.728954523387513 -0.187004261396960
0.866665800000000 0.633513421443891 1.698040085736625 -0.204419147409749
0.899999100000000 0.641998569448621 1.655340055926317 -0.237111823924332
0.933332400000000 0.653011721233274 1.612214440883550 -0.263536332027337
0.966665700000000 0.669881945900354 1.580490106238387 -0.277108312377159
0.999999000000000 0.689807768113269 1.560857300624649 -0.281106646188422
1.033332300000000 0.708722278056582 1.556605309248654 -0.267701775124460
1.066665600000000 0.725461710409613 1.567305912174841 -0.236788194002966
1.099998900000000 0.737386272780940 1.581113637319720 -0.202697743170336
1.133332200000000 0.744974176643031 1.594143459271414 -0.170471041622166
1.166665500000000 0.760744938600385 1.614812714952422 -0.135379408321478
1.199998800000000 0.794394829150449 1.645207831889596 -0.091828553746729
1.233332100000000 0.828485297189021 1.673585706259551 -0.034314182917344
1.266665400000000 0.855219710602560 1.697278190674592 0.030837396901027
1.299998700000000 0.895659814261395 1.735652630817490 0.102151471071403
1.333332000000000 0.964314533154295 1.786783713303943 0.187076822146849
1.366665300000000 1.048743473401178 1.822438742861738 0.284891064567947
1.399998600000000 1.123632997599144 1.833341656255270 0.387313227427025
1.433331900000000 1.180049450565102 1.829218317750368 0.481162839623022
1.466665200000000 1.223345215119543 1.817126380599451 0.560038938096470
1.499998500000000 1.260294804961286 1.801380181117495 0.626300373352553
1.533331800000000 1.297052714247934 1.787090368882765 0.679785226201607
1.566665100000000 1.335735364357702 1.776652282492482 0.720778725202399
1.599998400000000 1.373751971977599 1.769193465166356 0.752027938780539
1.633331700000000 1.408590130255106 1.763852658423151 0.780474170293568
1.666665000000000 1.446107448133908 1.758423552023881 0.825192554388878
1.699998300000000 1.443488877222097 1.753807072000297 0.881461725798445
