0.000000000000000 -0.000001000000000 2.424863000000000 -0.005774000000000
0.033333300000000 0.300221843241430 2.363225165173962 -0.108631589571969
0.066666600000000 0.319530290842245 2.367296121657241 -0.076432662923728
0.099999900000000 0.342977821618936 2.372414064080647 -0.046391535373175
0.133333200000000 0.366739570227915 2.378212525607781 -0.016218896984366
0.166666500000000 0.388377786582856 2.383629599485322 0.015038029529849
0.199999800000000 0.409112310539987 2.387385739858153 0.046613688931614
0.233333100000000 0.431265109244421 2.390751237070650 0.073372013346871
0.266666400000000 0.456199590986378 2.393720750080434 0.094169682727681
0.299999700000000 0.481343195444331 2.394509569237671 0.112048952557391
0.333333000000000 0.504777075223956 2.393371860887098 0.128315112064635
0.366666300000000 0.528661241300206 2.391188889581704 0.143406261284320
0.399999600000000 0.554315729401825 2.387774690938487 0.158477124406491
0.433332900000000 0.582240628585846 2.383987962342724 0.173989618698082
0.466666200000000 0.612391039568287 2.382180385594007 0.187985744475128
0.499999500000000 0.642530604424946 2.384259470191270 0.196900463524639
0.533332800000000 0.672841656084531 2.388975618239720 0.203767661719987
0.566666100000000 0.704160633969271 2.392252837784995 0.217655900999200
0.599999400000000 0.734633858078482 2.393121366902665 0.240617747825710
0.633332700000000 0.764343921405553 2.395026692475306 0.266950637250709
0.666666000000000 0.793445846616131 2.398997992238322 0.291374400200161
0.699999300000000 0.819804681809690 2.402810481253080 0.312728907557199
0.733332600000000 0.843227780013113 2.405623657842509 0.333962766752349
0.766665900000000 0.867767718695541 2.407473984635085 0.356954190800540
0.799999200000000 0.898649736875169 2.407413989923037 0.380178449992061
0.833332500000000 0.932531726055461 2.405010877038987 0.403653083169753
0.866665800000000 0.957395556861280 2.400951249108578 0.429025691714204
0.899999100000000 0.971419534228718 2.395257126297882 0.457851845943615
0.933332400000000 0.990236507302142 2.388098681471954 0.493080041216055
0.966665700000000 1.023916696960190 2.380634967640331 0.534403712031910
0.999999000000000 1.063058449132046 2.374456946197201 0.576247327712629
1.033332300000000 1.094752871948189 2.372326407057271 0.613359223757965
1.066665600000000 1.114395230990073 2.375478626782657 0.643252174803307
1.099998900000000 1.123700451657888 2.381866817404050 0.665119544142721
1.133332200000000 1.131250181630747 2.387240087985262 0.686107603790535
1.166665500000000 1.146445147582573 2.390473683382397 0.713547305291033
1.199998800000000 1.165057518471840 2.395470809493511 0.741749637626220
1.233332100000000 1.172796052893434 2.405542011454723 0.757577981351333
1.266665400000000 1.169159085611346 2.417720820370599 0.762112048288839
1.299998700000000 1.172179845917287 2.427110712559661 0.774085701914517
1.333332000000000 1.186263433207293 2.434348920026380 0.795744026938147
1.366665300000000 1.201763192336475 2.440486284901536 0.814897789068315
1.399998600000000 1.219564827533780 2.442713169877210 0.831924203294621
1.433331900000000 1.243515781131815 2.437822205596186 0.852449707787509
1.466665200000000 1.270291747235847 2.426386531687395 0.875400003465452
1.499998500000000 1.298608286005558 2.413283584458170 0.898054363196748
1.533331800000000 1.328958784572587 2.403463469194963 0.919875003703680
1.566665100000000 1.360224472170098 2.398622013807968 0.939472741499618
1.599998400000000 1.391643667527341 2.397609624863760 0.954703300665834
1.633331700000000 1.421684783808605 2.397917620188677 0.971058164942174
1.666665000000000 1.447944805267022 2.399258358732175 0.993501090873082
1.699998300000000 1.466695073953436 2.403902484518627 1.011333381071769
