0.000000000000000 -0.000001000000000 1.424863000000000 0.994226000000000
0.033333300000000 0.643710755420028 1.086688052223893 0.393830713960811
0.066666600000000 0.670838610947483 1.094184964380756 0.429304863311932
0.099999900000000 0.696266182500396 1.101887483436236 0.464440669897510
0.133333200000000 0.721157479452245 1.108498857346046 0.495850577062256
0.166666500000000 0.742959574928533 1.112593656093337 0.523702345144014
0.199999800000000 0.764440410030782 1.113886041573871 0.548550398270654
0.233333100000000 0.789714497464269 1.116987320695949 0.572410610477997
0.266666400000000 0.818348421895420 1.122842094262452 0.597871644663005
0.299999700000000 0.845581530543176 1.128348926348998 0.626021385324133
0.333333000000000 0.869128280633747 1.132105482046803 0.654105299043737
0.366666300000000 0.891476765554098 1.133795625726750 0.679435248721156
0.399999600000000 0.915470719340667 1.133923180709578 0.703842564766402
0.433332900000000 0.942755871036478 1.134359185345169 0.729378383132831
0.466666200000000 0.974663763164968 1.138067959273374 0.754503832811616
0.499999500000000 1.011201459746233 1.148555713145575 0.777519120871975
0.533332800000000 1.047802996875266 1.163179384919544 0.801118134466502
0.566666100000000 1.075708194544841 1.173313739404365 0.830958342433572
0.599999400000000 1.093013401362688 1.176497173802103 0.866229189311405
0.633332700000000 1.108434998641004 1.177819866608416 0.899413184465956
0.666666000000000 1.127879748121075 1.181088186491574 0.927652382366841
0.699999300000000 1.151031093577898 1.185931379139112 0.952646335812955
0.733332600000000 1.179395147037404 1.190228301998159 0.974123395297984
0.766665900000000 1.211485511558255 1.192330815726950 0.993574295671160
0.799999200000000 1.240224277044100 1.191196174558651 1.015899347162086
0.833332500000000 1.264239221866377 1.187435306669207 1.041994580850702
0.866665800000000 1.290338912148032 1.183444037117356 1.066853968697721
0.899999100000000 1.324664962054083 1.178541704951048 1.086199879422891
0.933332400000000 1.364255812478564 1.168438323428592 1.103439091589590
0.966665700000000 1.399643285516300 1.152535674045180 1.126519963897268
0.999999000000000 1.427635410369003 1.137819738129984 1.157463341737490
1.033332300000000 1.450490347743094 1.133098672844311 1.194535161897599
1.066665600000000 1.468456918400958 1.141815852164490 1.237151560245962
1.099998900000000 1.486114295496743 1.160645175025878 1.279345810254084
1.133332200000000 1.510524959883546 1.177843137904117 1.313411086736165
1.166665500000000 1.542140049236080 1.185286584060832 1.338806931713765
1.199998800000000 1.574060458642605 1.191950933610925 1.361633903668870
1.233332100000000 1.604215942139631 1.212680956499163 1.382845430314660
1.266665400000000 1.631579403534483 1.244338331274385 1.401909659924143
1.299998700000000 1.657402283498985 1.267101785551161 1.421340269552214
1.333332000000000 1.683934127978533 1.279099760168474 1.442059165406614
1.366665300000000 1.711782159553849 1.291166192192965 1.462156607142572
1.399998600000000 1.741147972770251 1.300179433224459 1.481976265221614
1.433331900000000 1.772342386872098 1.298281313993751 1.501902537042366
1.466665200000000 1.804960749839361 1.287543961197647 1.521284402793435
1.499998500000000 1.837487243883552 1.275549617299155 1.542391921258463
1.533331800000000 1.870891240155862 1.268106924149056 1.565843059575565
1.566665100000000 1.909708301249302 1.267569473940147 1.586610805315222
1.599998400000000 1.952880094142534 1.273343085434504 1.603578035695620
1.633331700000000 1.991529161566919 1.280130303068797 1.623613832163890
1.666665000000000 2.023240455993772 1.285842393645949 1.648741354399365
1.699998300000000 2.048861057220625 1.299943683410608 1.676433173120067
