0.000000000000000 0.835468000000000 0.665636000000000 -0.043403000000000
0.033333300000000 0.186293498379592 0.387184819399482 -0.919351615700015
0.066666600000000 0.199593126739791 0.393381936809668 -0.902808508648756
0.099999900000000 0.221382769077618 0.401483032185037 -0.881233649241358
0.133333200000000 0.240326115841516 0.411883525230958 -0.862775492866650
0.166666500000000 0.253717423865759 0.418392818126325 -0.844156270971025
0.199999800000000 0.264167653903811 0.418357774401783 -0.822426326599153
0.233333100000000 0.280041416690140 0.415218266999285 -0.796400121768796
0.266666400000000 0.311683370114177 0.414486679446987 -0.766566768208102
0.299999700000000 0.358589018357725 0.418934240337631 -0.736728311359775
0.333333000000000 0.404244841295124 0.423983678623848 -0.708849240890042
0.366666300000000 0.438538813381962 0.423003574138670 -0.680781518707257
0.399999600000000 0.473291095021641 0.418093244507505 -0.650217763073779
0.433332900000000 0.523778682926627 0.415788180122442 -0.615773509374831
0.466666200000000 0.584259854925108 0.417487997185546 -0.578853820816468
0.499999500000000 0.635785437875224 0.419636356516793 -0.545746757620078
0.533332800000000 0.675415171928659 0.419795325413249 -0.516832337990055
0.566666100000000 0.713332846844435 0.418244846257619 -0.486730712968470
0.599999400000000 0.744145622654002 0.414854070243276 -0.458717372331596
0.633332700000000 0.757716260985842 0.410853883297303 -0.440145230208595
0.666666000000000 0.760944059836857 0.408689006099757 -0.429680715188762
0.699999300000000 0.766225318877371 0.410820415126776 -0.422903245905749
0.733332600000000 0.778335251583169 0.420565424559786 -0.418588767487732
0.766665900000000 0.793738956716229 0.435529753693136 -0.415058979719724
0.799999200000000 0.802734755286954 0.446038238070679 -0.409521750714700
0.833332500000000 0.803520697135866 0.449300778255306 -0.403219576515531
0.866665800000000 0.800345600727198 0.449214233382029 -0.398906520318354
0.899999100000000 0.793830069450340 0.448570224072231 -0.395008236491582
0.933332400000000 0.791099242323318 0.449621661518877 -0.385092243817829
0.966665700000000 0.801916567066251 0.454482331226188 -0.369071410398898
0.999999000000000 0.821903902102528 0.462666785860860 -0.351598782745760
1.033332300000000 0.845823444169708 0.470720812645292 -0.330881450216582
1.066665600000000 0.876719808196643 0.472933707144874 -0.301756586756406
1.099998900000000 0.917740505221987 0.465886804761804 -0.262455112720850
1.133332200000000 0.965572435238394 0.454235520585934 -0.216511252300648
1.166665500000000 1.011267980620664 0.445618275088942 -0.171204018602462
1.199998800000000 1.052970099735140 0.444019087882771 -0.132435151388716
1.233332100000000 1.095578527871299 0.446772263838253 -0.098520348936644
1.266665400000000 1.142889698425132 0.445944015340903 -0.060815301835588
1.299998700000000 1.191488025642979 0.441006659229242 -0.018199542505392
1.333332000000000 1.239581147224897 0.436302330533219 0.026193199012952
1.366665300000000 1.289093466591465 0.434825555210321 0.069431325711199
1.399998600000000 1.338492741482814 0.435119606899148 0.108120514545715
1.433331900000000 1.386812827041290 0.432234562633078 0.142799034534178
1.466665200000000 1.436925784911994 0.426716806201296 0.175065353943689
1.499998500000000 1.495966716094774 0.427732304182837 0.203952062151890
1.533331800000000 1.566298808920817 0.438624848238405 0.233495141721227
1.566665100000000 1.635601356175316 0.451407588617801 0.266197930496607
1.599998400000000 1.686573955402351 0.456511407617766 0.296938648307380
1.633331700000000 1.712523615514781 0.452698722777654 0.319199823448075
1.666665000000000 1.723139085569885 0.446926814327976 0.332043455488995
1.699998300000000 1.731398390295513 0.443007381240570 0.342917085848143
