0.000000000000000 -0.146393000000000 0.691718000000000 0.933581000000000
0.033333300000000 0.538195029214085 0.906844216830863 0.315698365085633
0.066666600000000 0.568964586267806 0.875870952236628 0.342180688651476
0.099999900000000 0.604555707071260 0.862957601161509 0.367545254757500
0.133333200000000 0.649320352832803 0.859064920423591 0.383010019783808
0.166666500000000 0.699850472754832 0.861516858910743 0.390281016539405
0.199999800000000 0.751056391791267 0.867225207942550 0.394408262094529
0.233333100000000 0.799807324136364 0.878525764533536 0.401272034293360
0.266666400000000 0.849218410289299 0.911335938068446 0.409624512414045
0.299999700000000 0.901766916300199 0.971236942508481 0.411813601610255
0.333333000000000 0.953693940414860 1.039191989144387 0.404188697566673
0.366666300000000 1.000352560256435 1.096519123502178 0.391585557713261
0.399999600000000 1.038303975065827 1.146922815301245 0.383608593032968
0.433332900000000 1.064929625077959 1.203722965280844 0.386994390470725
0.466666200000000 1.083479965084335 1.259460308761945 0.401498635185945
0.499999500000000 1.104269914524219 1.289340639838175 0.425523436725232
0.533332800000000 1.130049575143611 1.291720046201726 0.459017995595146
0.566666100000000 1.154762544175568 1.288747415125948 0.496424478680761
0.599999400000000 1.179264237045820 1.283051371275826 0.529277701600224
0.633332700000000 1.207052942496136 1.258699801635090 0.559095919051967
0.666666000000000 1.234329057007875 1.215607937324809 0.592091035754595
0.699999300000000 1.256562420981396 1.169925172552538 0.627124622740787
0.733332600000000 1.273452438421043 1.133290081359149 0.661277690620931
0.766665900000000 1.287203128333798 1.100505069209930 0.695584962660789
0.799999200000000 1.300992845121718 1.055412952439091 0.730491566264497
0.833332500000000 1.315538885405342 0.991932361265517 0.764092450809215
0.866665800000000 1.329944586733464 0.917230381455914 0.792611347214694
0.899999100000000 1.345568037863739 0.844689619187626 0.812428581788857
0.933332400000000 1.363720439502238 0.789932028330846 0.829618770485148
0.966665700000000 1.383618564887600 0.754067447828447 0.852034880610227
0.999999000000000 1.406008318499226 0.727177610057279 0.876442375031809
1.033332300000000 1.433114280663090 0.708165830949786 0.901164964069130
1.066665600000000 1.463598473115879 0.698863340492530 0.932649450064141
1.099998900000000 1.496857199504802 0.703488312086849 0.973424496802073
1.133332200000000 1.535943643319493 0.727921380482918 1.015966644646690
1.166665500000000 1.583246499371324 0.767400335488116 1.048847583096328
1.199998800000000 1.636236557813951 0.811093537804949 1.069349195008073
1.233332100000000 1.694143775071413 0.861546029248736 1.080000502425882
1.266665400000000 1.754300600834991 0.929605987251190 1.084381988938733
1.299998700000000 1.810871300854715 1.007669025523339 1.083838184675698
1.333332000000000 1.859536524695683 1.085114694624947 1.081620540745276
1.366665300000000 1.898151787346859 1.159854536507646 1.080673121715016
1.399998600000000 1.927855480723431 1.220581628652011 1.085325716008614
1.433331900000000 1.952783239502013 1.263854591669815 1.095329689903398
1.466665200000000 1.973677179634121 1.302846702652407 1.104324938076432
1.499998500000000 1.988585051857974 1.343076698242708 1.119758180188925
1.533331800000000 1.998733243584826 1.376990442782829 1.156370810284326
1.566665100000000 2.009859899140452 1.394978345885982 1.208977755984490
1.599998400000000 2.028885822464005 1.392820902855671 1.258903382852428
1.633331700000000 2.061177171685833 1.366958626289681 1.299913113304217
1.666665000000000 2.102280605744990 1.315156368411182 1.342814535950857
1.699998300000000 2.137284680144834 1.256203515014274 1.388477891752119
