0.000000000000000 -0.170939000000000 1.655123000000000 -0.016571000000000
0.033333300000000 -0.260679994141853 1.652837750333062 -0.482319719232469
0.066666600000000 -0.221012393654826 1.655882965588778 -0.431807785089390
0.099999900000000 -0.187985298581270 1.658921715864618 -0.387345734968469
0.133333200000000 -0.161108237800518 1.662180535919556 -0.344830159347439
0.166666500000000 -0.137733783114738 1.663787344657549 -0.307110696019745
0.199999800000000 -0.114745176907377 1.663193945385360 -0.275190081111787
0.233333100000000 -0.092525625845521 1.661622194980075 -0.248375876397483
0.266666400000000 -0.082454514759917 1.658126279963222 -0.227423569406115
0.299999700000000 -0.091555783194206 1.648594727863251 -0.209505135280884
0.333333000000000 -0.107809922441440 1.632633062066781 -0.189593893416653
0.366666300000000 -0.117577417852391 1.614827253415568 -0.167994440156220
0.399999600000000 -0.121923752908697 1.595925336887176 -0.149128568098700
0.433332900000000 -0.126343985007691 1.573996559474352 -0.137700925271918
0.466666200000000 -0.124953997787698 1.553354324051038 -0.132218698952638
0.499999500000000 -0.106153178117427 1.543926908638924 -0.123659846874818
0.533332800000000 -0.070822596744367 1.547015642708632 -0.110429729004776
0.566666100000000 -0.032546053921647 1.551726531033455 -0.097444870696216
0.599999400000000 0.003024902983064 1.555683413733182 -0.082010554787808
0.633332700000000 0.044377214821981 1.568292268520275 -0.060483116889053
0.666666000000000 0.094906796685039 1.589183598820243 -0.035363071178316
0.699999300000000 0.145190430225807 1.608778279934462 -0.008328580830277
0.733332600000000 0.186675922504265 1.624293145431020 0.021454806124053
0.766665900000000 0.224002745940618 1.638801181295441 0.054193681793921
0.799999200000000 0.269913482863564 1.653992180549950 0.090086394577777
0.833332500000000 0.328187153191943 1.666626651095071 0.130480031792920
0.866665800000000 0.390582528272018 1.671567639770856 0.176076878296255
0.899999100000000 0.446808128085101 1.668412315195842 0.224847043938933
0.933332400000000 0.493758657138083 1.663441846851697 0.271328862196433
0.966665700000000 0.536626792232566 1.661576725673957 0.312987228798252
0.999999000000000 0.578567116849575 1.661437673588677 0.352954341352910
1.033332300000000 0.617027920137526 1.660747882281614 0.393099012750223
1.066665600000000 0.651985588484234 1.658509501550814 0.430748768344143
1.099998900000000 0.681013677298055 1.654288744928180 0.461644853646489
1.133332200000000 0.697885215775954 1.648989672674323 0.486030989546573
1.166665500000000 0.705325253667366 1.644311921275868 0.508643106977097
1.199998800000000 0.711868395958207 1.641352873358523 0.532922624187707
1.233332100000000 0.716135108006497 1.637591630635432 0.557704807131368
1.266665400000000 0.712363624384553 1.629004948653130 0.577677974830239
1.299998700000000 0.706025715819310 1.616684120249633 0.593983747878872
1.333332000000000 0.701631554925181 1.603403880646566 0.610268311669138
1.366665300000000 0.696633558806620 1.587832541116135 0.628202904417662
1.399998600000000 0.695647237523978 1.569938864712589 0.648115365619140
1.433331900000000 0.700408793906300 1.548147510812213 0.668391392805787
1.466665200000000 0.703969430414548 1.518421535844230 0.688500157369015
1.499998500000000 0.707462914650935 1.484898545225885 0.707261929877060
1.533331800000000 0.719766663831169 1.457500599648532 0.721281018297447
1.566665100000000 0.744676858919773 1.442854478221693 0.730897978190519
1.599998400000000 0.779073573389346 1.441878832153928 0.742083131620247
1.633331700000000 0.821494886738946 1.453176813958210 0.763914251599252
1.666665000000000 0.874685828097521 1.475254565875804 0.796078624778409
1.699998300000000 0.931160811044962 1.500996090147397 0.825554871691936
