0.000000000000000 -0.126623000000000 1.737658000000000 0.040118000000000
0.033333300000000 -0.186498972898307 1.723111521625024 -0.521668796181741
0.066666600000000 -0.145792978852563 1.725729043940746 -0.469927880669697
0.099999900000000 -0.112724317517901 1.728932489041133 -0.425079712334519
0.133333200000000 -0.086836202400012 1.732834311311718 -0.383317628821423
0.166666500000000 -0.065111590106772 1.735048482029165 -0.347576038096986
0.199999800000000 -0.043967385749711 1.734718110016787 -0.318368492515570
0.233333100000000 -0.023690457156182 1.733342545311777 -0.294283255586209
0.266666400000000 -0.016979536839079 1.731065705410192 -0.276233855828018
0.299999700000000 -0.032037049281375 1.724181693378510 -0.261790007237553
0.333333000000000 -0.055756489027784 1.710800779003543 -0.245895091456698
0.366666300000000 -0.072489424597748 1.694238874960453 -0.228413345634135
0.399999600000000 -0.082828971666860 1.675684140017432 -0.213157535609844
0.433332900000000 -0.092665861030911 1.653844709705948 -0.204630989309873
0.466666200000000 -0.095391172069578 1.632964847638652 -0.201340192134149
0.499999500000000 -0.077968887805884 1.623170474495951 -0.193771754261828
0.533332800000000 -0.041343205351508 1.625968636672513 -0.180336577502966
0.566666100000000 -0.001090130485228 1.630321293975771 -0.166892439582993
0.599999400000000 0.036182910219693 1.633870859121371 -0.151125289713001
0.633332700000000 0.080286304184199 1.646115539910739 -0.128627466780940
0.666666000000000 0.135146347469537 1.666653363021787 -0.101459897982313
0.699999300000000 0.189858630156698 1.686083654637938 -0.071717917447090
0.733332600000000 0.234713043184373 1.702019430268904 -0.038882884913359
0.766665900000000 0.274960974958527 1.717212488154517 -0.002766854079588
0.799999200000000 0.324737789820975 1.732242144949878 0.036599804520396
0.833332500000000 0.387954740353763 1.743571245222955 0.080510623539084
0.866665800000000 0.455272362322310 1.746690729757977 0.129586840661838
0.899999100000000 0.515317541855890 1.741770452817514 0.181090666168993
0.933332400000000 0.564768750804939 1.735386485131426 0.229244274778471
0.966665700000000 0.609481157207757 1.732510247995172 0.272363913852679
0.999999000000000 0.652917879873736 1.731685279418229 0.313879860822922
1.033332300000000 0.692222458018779 1.730716036836603 0.355154110286335
1.066665600000000 0.727508193470747 1.728447108452720 0.393403834566110
1.099998900000000 0.756226765612576 1.724529863834715 0.424244943392143
1.133332200000000 0.771414308960738 1.720405526261901 0.447523521200962
1.166665500000000 0.775681732695541 1.717613486385596 0.467821260653033
1.199998800000000 0.778278446440077 1.716718581608961 0.489341756604928
1.233332100000000 0.777586115218183 1.715287571934227 0.511049783307320
1.266665400000000 0.767201457687028 1.709004559913244 0.526860147017954
1.299998700000000 0.753415538221702 1.698121359721950 0.538200617366349
1.333332000000000 0.741747608139231 1.685293502010579 0.549651738262141
1.366665300000000 0.729733103068984 1.669690139931816 0.563446972738570
1.399998600000000 0.722879144016193 1.651581025444241 0.580420773060070
1.433331900000000 0.723029782567612 1.629484345764660 0.598662008814088
1.466665200000000 0.721796665753756 1.599381025718279 0.616964659052077
1.499998500000000 0.720624873967953 1.565789228427552 0.634646249751452
1.533331800000000 0.730346520270354 1.538873322842802 0.648781890021973
1.566665100000000 0.755426495334837 1.524995929344132 0.659296273417211
1.599998400000000 0.791834840823410 1.524656012513913 0.671551826707649
1.633331700000000 0.837367086290296 1.536605670549349 0.694796410405409
1.666665000000000 0.895305346766451 1.559788224808401 0.729607030329373
1.699998300000000 0.957643748156605 1.586357918247531 0.762296757023326
