0.000000000000000 -0.150055000000000 0.709308000000000 0.938440000000000
0.033333300000000 0.541181584421669 0.925159782647764 0.314267363928652
0.066666600000000 0.572281305512015 0.894158242537926 0.341179077001039
0.099999900000000 0.607964619420186 0.881239826974092 0.366791348302959
0.133333200000000 0.652671221453909 0.877363444363703 0.382406565872233
0.166666500000000 0.703081340961138 0.879836603695830 0.389667097025994
0.199999800000000 0.754166766107016 0.885559697594539 0.393633696012769
0.233333100000000 0.802739187053623 0.896877515998443 0.400249301993491
0.266666400000000 0.851585607172082 0.929746034514308 0.408248852039739
0.299999700000000 0.902998876592798 0.989720534657524 0.410005957905773
0.333333000000000 0.953581142423426 1.057667874074348 0.401939880618144
0.366666300000000 0.999104661779080 1.114895411800412 0.388905421411020
0.399999600000000 1.036077298582877 1.165137978219132 0.380497763558500
0.433332900000000 1.061668433199807 1.221693801852947 0.383410764986362
0.466666200000000 1.079299750845068 1.277134247659594 0.397426038276817
0.499999500000000 1.099681647473518 1.306836172937714 0.421132327443102
0.533332800000000 1.125570009339270 1.309210540374991 0.454496548453619
0.566666100000000 1.150503721839094 1.306261350985807 0.491781997612770
0.599999400000000 1.175230881339025 1.300594839594022 0.524546288553890
0.633332700000000 1.203541527907827 1.276385033038974 0.554477393012195
0.666666000000000 1.231670431807636 1.233520681220426 0.587790540447909
0.699999300000000 1.254753688726563 1.188040953063038 0.623254887507436
0.733332600000000 1.272254792241537 1.151558118953449 0.657920317483185
0.766665900000000 1.286509308386064 1.118896090539864 0.692806715552633
0.799999200000000 1.301030943013922 1.073897769870722 0.728314744331737
0.833332500000000 1.316599345664570 1.010451325977510 0.762558676152124
0.866665800000000 1.332095858915213 0.935699858746806 0.791787382859697
0.899999100000000 1.348665893257374 0.863041994057614 0.812281619423143
0.933332400000000 1.367510343616889 0.808151224189429 0.829973748970939
0.966665700000000 1.387883790970370 0.772169828593656 0.852769647303983
0.999999000000000 1.410627443389056 0.745174710429783 0.877536077799562
1.033332300000000 1.437950914895793 0.726085588500916 0.902549696392638
1.066665600000000 1.468506837135588 0.716752402411641 0.934171833492934
1.099998900000000 1.501631780716170 0.721420600109136 0.974861295287307
1.133332200000000 1.540268977055103 0.745989273978675 1.017094116756604
1.166665500000000 1.586890526711422 0.785639462516601 1.049542766042626
1.199998800000000 1.639137485587697 0.829476189454417 1.069650198390670
1.233332100000000 1.696163964016450 0.880048507378157 1.079930836150983
1.266665400000000 1.755155720148375 0.948188605173415 1.083762870923769
1.299998700000000 1.810446233030642 1.026229984584429 1.082519723042771
1.333332000000000 1.857880670730140 1.103543473074735 1.079603674203389
1.366665300000000 1.895286396219000 1.178057431682297 1.078051694667256
1.399998600000000 1.923946626070956 1.238520856561027 1.082270769829728
1.433331900000000 1.948027027739151 1.281531447507455 1.091962856050895
1.466665200000000 1.968034117667622 1.320206492057112 1.100688742771614
1.499998500000000 1.982002486009805 1.360061160266993 1.115933771528735
1.533331800000000 1.991419827486032 1.393640310078792 1.152405433023463
1.566665100000000 2.002220740866100 1.411445255102706 1.204865288755735
1.599998400000000 2.021336040996820 1.409304805342981 1.254695120469942
1.633331700000000 2.054090253886507 1.383676022442480 1.295822577034242
1.666665000000000 2.096037283849719 1.332300726647612 1.339137544626252
1.699998300000000 2.132055770362843 1.273774254252142 1.385259880802472
