0.000000000000000 -0.096442000000000 0.900176000000000 1.020250000000000
0.033333300000000 0.459444530704173 1.390206268752004 0.337286676224002
0.066666600000000 0.503195534927143 1.347867995743642 0.386950313111977
0.099999900000000 0.545492361057747 1.292146870229345 0.440633251508139
0.133333200000000 0.583512366285262 1.237555719044396 0.488115606957811
0.166666500000000 0.616830782704516 1.198375085035929 0.522049028519032
0.199999800000000 0.649642779330597 1.166111241338844 0.547390008490461
0.233333100000000 0.684823749183043 1.117157386297990 0.575602135693469
0.266666400000000 0.718459637325975 1.040486476918326 0.610826999551067
0.299999700000000 0.744772135381132 0.952531841639624 0.646529496891360
0.333333000000000 0.765827881552250 0.880887989037832 0.675481245184919
0.366666300000000 0.787673343114415 0.835896734916970 0.697750606134794
0.399999600000000 0.813272514643249 0.804275438916255 0.717566881568560
0.433332900000000 0.844564508318762 0.775702966948966 0.736489832231050
0.466666200000000 0.883833373976205 0.757721751308479 0.754246200765686
0.499999500000000 0.931052792236248 0.755952164853635 0.771459318673160
0.533332800000000 0.983547618359498 0.777206466528445 0.789383734036207
0.566666100000000 1.036432006369356 0.832326811989619 0.807310414661045
0.599999400000000 1.083416252147910 0.915738877948129 0.820575908587804
0.633332700000000 1.122149994367458 1.008530612979134 0.826396778866408
0.666666000000000 1.152308954792045 1.097310051987043 0.829589685241310
0.699999300000000 1.173747054101191 1.177756387362698 0.834775270605006
0.733332600000000 1.189711578641227 1.245225064707193 0.842918689788141
0.766665900000000 1.203046263209749 1.292681951699815 0.858335640217971
0.799999200000000 1.214052187750190 1.318561282674235 0.884552237464031
0.833332500000000 1.226137565449678 1.322586711622776 0.920177229443660
0.866665800000000 1.248596415882651 1.306442819017466 0.956403726805762
0.899999100000000 1.285913311303401 1.282797736244662 0.982299354323846
0.933332400000000 1.327712156071513 1.272096180936063 0.997395035923744
0.966665700000000 1.359062016499189 1.283312909398069 1.011761406876025
0.999999000000000 1.380261968913090 1.304399585747237 1.032514573151760
1.033332300000000 1.401101805094290 1.319321716919519 1.061673682909445
1.066665600000000 1.425049955945448 1.320185277109557 1.101959065706572
1.099998900000000 1.455400209449351 1.301573997652733 1.150661686475546
1.133332200000000 1.494917282629623 1.264258125840354 1.197782919610652
1.166665500000000 1.538506543109244 1.217526397656137 1.237167864630098
1.199998800000000 1.581897708190251 1.160441529627511 1.274112173979144
1.233332100000000 1.625511925624689 1.087474587327795 1.311251573273109
1.266665400000000 1.665966701016177 1.009916780308302 1.343261533504974
1.299998700000000 1.699460978108982 0.943455902610971 1.368145796019833
1.333332000000000 1.726894886558723 0.885300918001398 1.389545107515671
1.366665300000000 1.751673201260494 0.824788981249052 1.408563638666931
1.399998600000000 1.774498534058256 0.762397127193062 1.425292037756635
1.433331900000000 1.795655943816754 0.704696673410029 1.441122654294194
1.466665200000000 1.818236762509229 0.657610363387124 1.457522868255289
1.499998500000000 1.842909266708226 0.627389864832843 1.479777558518931
1.533331800000000 1.871149403226078 0.617904139495516 1.509565073998426
1.566665100000000 1.908205225447371 0.630740849533626 1.541299897039984
1.599998400000000 1.954592397881358 0.667937420507031 1.572117416200384
1.633331700000000 1.999834916381620 0.730348006355974 1.605960376065472
1.666665000000000 2.026322846704114 0.813446356536694 1.651105027304420
1.699998300000000 2.028690989603854 0.911561898987096 1.704486513846712
