0.000000000000000 -0.104159000000000 0.068790000000000 1.020250000000000
0.033333300000000 0.662864921848963 -0.068601639992405 0.508195477767874
0.066666600000000 0.674617405338825 -0.057776531201548 0.508778258722496
0.099999900000000 0.678373393717546 -0.036529990270031 0.514003889603824
0.133333200000000 0.675256151903816 -0.034280827504381 0.519055509844746
0.166666500000000 0.671278035185147 -0.062053729496423 0.517689962498305
0.199999800000000 0.671053753763885 -0.096087589293846 0.509980115844505
0.233333100000000 0.673195751361586 -0.109517175722189 0.505331056393746
0.266666400000000 0.675514728698229 -0.099658814826275 0.507919788630028
0.299999700000000 0.676307895314085 -0.082928821532818 0.513026253925116
0.333333000000000 0.675386525327904 -0.083493050599479 0.513871832595873
0.366666300000000 0.671362391944117 -0.113052433664941 0.509455580839467
0.399999600000000 0.660698840870355 -0.161860281437560 0.504086699393175
0.433332900000000 0.641155169295913 -0.221175670105050 0.500566796833860
0.466666200000000 0.619761544483379 -0.292607554681121 0.491160695353762
0.499999500000000 0.617062812579222 -0.366541270029657 0.466268711988105
0.533332800000000 0.633112994852069 -0.430240210133859 0.436266847273374
0.566666100000000 0.632359477866895 -0.495587694734030 0.410841000253883
0.599999400000000 0.610345792543612 -0.561422930175181 0.386396586113473
0.633332700000000 0.615698348647605 -0.596284256565880 0.391270898028354
0.666666000000000 0.683515393045567 -0.590399565551834 0.449315913130639
0.699999300000000 0.809696810572681 -0.549826223851137 0.538016705198014
0.733332600000000 0.966794479114541 -0.473052503803529 0.649955746464560
0.766665900000000 1.111706108928668 -0.355091569401260 0.801750585406257
0.799999200000000 1.230802900169117 -0.195041680760246 0.961978280314377
0.833332500000000 1.339524131671881 -0.025892033370271 1.068109863973878
0.866665800000000 1.443005722254725 0.094606286017496 1.112728788487494
0.899999100000000 1.534910429789706 0.147892182083401 1.127807742353200
0.933332400000000 1.600677606385377 0.154834401299936 1.138690866765459
0.966665700000000 1.628179985073773 0.125282419412986 1.160976854585556
0.999999000000000 1.635164728212786 0.060316227556170 1.184664337412072
1.033332300000000 1.650816190026391 -0.017338845626659 1.185176372184697
1.066665600000000 1.664672584280106 -0.071352385945636 1.176195981027142
1.099998900000000 1.660415625267602 -0.082724486383369 1.184902649875762
1.133332200000000 1.650983891598308 -0.064863737091715 1.201392446113569
1.166665500000000 1.648198345421571 -0.049800519571368 1.209705847672250
1.199998800000000 1.650224940894933 -0.050832367237221 1.211027903449146
1.233332100000000 1.653504726324828 -0.059973625493547 1.208081996118482
1.266665400000000 1.658334685477382 -0.079552337332435 1.197899989939001
1.299998700000000 1.662061987626832 -0.124027169562062 1.179718350625304
1.333332000000000 1.655433832773668 -0.196662081353788 1.157846275770242
1.366665300000000 1.634805301356245 -0.279039681925082 1.135859450391793
1.399998600000000 1.613849180920188 -0.344487739783089 1.113116078495227
1.433331900000000 1.604584898996218 -0.376581939276300 1.099298758607523
1.466665200000000 1.605708872434347 -0.380077059362130 1.101245060560589
1.499998500000000 1.609580054379130 -0.381299688898931 1.106343883734320
1.533331800000000 1.617099255461598 -0.396118288615899 1.104484685537951
1.566665100000000 1.621920058999865 -0.420816672714382 1.114038790983419
1.599998400000000 1.609554115747408 -0.463059719353691 1.140569112677903
1.633331700000000 1.585298510735074 -0.520609930909299 1.161829923831726
1.666665000000000 1.574793727946533 -0.561836133575390 1.185870516664827
1.699998300000000 1.598993029672239 -0.561719221075138 1.254364908065751
