0.000000000000000 -0.164532000000000 1.665636000000000 -0.043403000000000
0.033333300000000 -0.280269588345015 1.656021688130334 -0.504174681543870
0.066666600000000 -0.240678805279223 1.659964606663834 -0.453443438464902
0.099999900000000 -0.207821733244404 1.663438527671706 -0.408738334346596
0.133333200000000 -0.181411748196332 1.666907981637579 -0.365733454545883
0.166666500000000 -0.158719562361347 1.668507603657432 -0.327330618174631
0.199999800000000 -0.136453182119951 1.667748936013136 -0.294671960410621
0.233333100000000 -0.114851471268758 1.665832240503151 -0.267226902192868
0.266666400000000 -0.105384609765864 1.661395375007828 -0.245728016679816
0.299999700000000 -0.115191268863169 1.650128396324453 -0.227127301053882
0.333333000000000 -0.132180185706541 1.632139579820191 -0.206248495953549
0.366666300000000 -0.142581307558141 1.612555852522781 -0.183524259303504
0.399999600000000 -0.147306287298129 1.592041346324101 -0.163694646152229
0.433332900000000 -0.151708802937022 1.568331110686116 -0.151702987094753
0.466666200000000 -0.149984550494199 1.546008037185596 -0.146040151405793
0.499999500000000 -0.130858490588480 1.535729036916508 -0.137587210741752
0.533332800000000 -0.095317796884075 1.538823385009760 -0.124726621861382
0.566666100000000 -0.056809882205970 1.543686045302273 -0.112214646045129
0.599999400000000 -0.021096083017007 1.547836182949692 -0.097114462789885
0.633332700000000 0.020193365590087 1.561229613947948 -0.075871079194474
0.666666000000000 0.070638266367080 1.583517504274290 -0.051189088624800
0.699999300000000 0.120972752581072 1.604582916738316 -0.024681931265011
0.733332600000000 0.162622955149708 1.621319815553793 0.004598260348954
0.766665900000000 0.200181422164614 1.636972990358103 0.036852075963824
0.799999200000000 0.246348416430679 1.653628687016224 0.072307627332765
0.833332500000000 0.304920560428501 1.668137735816922 0.112371709831844
0.866665800000000 0.367646674679253 1.675108129020829 0.157830218214757
0.899999100000000 0.424102741396907 1.673793913331637 0.206762994266453
0.933332400000000 0.471179594578616 1.670191246840999 0.253547957213621
0.966665700000000 0.514226464018077 1.669286781626731 0.295371628465357
0.999999000000000 0.556372064165613 1.669925953522724 0.335436984254930
1.033332300000000 0.594936811647409 1.669787468125187 0.375726682582553
1.066665600000000 0.629951102789279 1.667767636364648 0.413419676563911
1.099998900000000 0.659001100538493 1.663284873865888 0.444150707075339
1.133332200000000 0.675694261804929 1.657126260770064 0.468342390272826
1.166665500000000 0.682661818590561 1.651215519855934 0.491029530597579
1.199998800000000 0.688580230967415 1.647001204479653 0.515680618121275
1.233332100000000 0.692125356787317 1.641830496680651 0.541058699233234
1.266665400000000 0.687580334590482 1.631289184212369 0.561800321031010
1.299998700000000 0.680573327431759 1.616713519007087 0.579027006655859
1.333332000000000 0.675723355624471 1.601232183765768 0.596283391788694
1.366665300000000 0.670509908266983 1.583546355246908 0.615137203390674
1.399998600000000 0.669531716822287 1.563876455513279 0.635755922940406
1.433331900000000 0.674434660639576 1.540657450938339 0.656526636201790
1.466665200000000 0.678244389188089 1.509465778091275 0.677118342833926
1.499998500000000 0.682210842579682 1.474431473964732 0.696112834966609
1.533331800000000 0.695239851648751 1.445837839958010 0.709707575690925
1.566665100000000 0.720895260999856 1.430593954412236 0.718422233792161
1.599998400000000 0.755723320963656 1.429670973629928 0.728769119029517
1.633331700000000 0.798082403657343 1.441719580100779 0.750053643016300
1.666665000000000 0.850932998502323 1.465319909593889 0.781634430928904
1.699998300000000 0.907190818983859 1.492850646603919 0.810368685015123
