0.000000000000000 0.864945000000000 0.761225000000000 0.023139000000000
0.033333300000000 0.262000349406503 0.476228623573687 -0.947166328240735
0.066666600000000 0.276760183217250 0.481676684896446 -0.928947898686395
0.099999900000000 0.298800804528554 0.489747149017672 -0.906726425333028
0.133333200000000 0.316977863199707 0.500645458949465 -0.888848658219916
0.166666500000000 0.329016463568774 0.507711841163940 -0.872194600904546
0.199999800000000 0.337962026299915 0.507988029173747 -0.853326421443301
0.233333100000000 0.352111994245585 0.505174029441969 -0.830278967596349
0.266666400000000 0.380177510463849 0.505934008957597 -0.803714054571585
0.299999700000000 0.420385758084521 0.513417656271555 -0.777814074871641
0.333333000000000 0.457719580184764 0.521421914706057 -0.754458786643892
0.366666300000000 0.484426156984383 0.522008554044422 -0.731044356299403
0.399999600000000 0.512584182197938 0.517734848769931 -0.704638361759582
0.433332900000000 0.556730177999979 0.515772202533077 -0.673664615028674
0.466666200000000 0.612054261765033 0.517410640700251 -0.639491488015599
0.499999500000000 0.661607367352658 0.519270990998216 -0.607715726882032
0.533332800000000 0.702445021511645 0.519171050003114 -0.578701941322670
0.566666100000000 0.742329810030824 0.517295791511855 -0.548229402781167
0.599999400000000 0.774915619286226 0.513532781830123 -0.519952301325780
0.633332700000000 0.791721449296630 0.509160090391129 -0.500257832413937
0.666666000000000 0.800087768867712 0.506543422411424 -0.487354471078844
0.699999300000000 0.810536159041644 0.508316810876653 -0.477355014906357
0.733332600000000 0.826471176151111 0.518214093512821 -0.469398882414244
0.766665900000000 0.845115322409202 0.533537125399779 -0.461845839281917
0.799999200000000 0.858525820275899 0.543512766792936 -0.452183984698991
0.833332500000000 0.865109823482260 0.545011992782303 -0.441692022379842
0.866665800000000 0.867815292519866 0.542525149961917 -0.433183428393337
0.899999100000000 0.866037427451482 0.539488546257624 -0.425894150412551
0.933332400000000 0.866536714708441 0.538598979894246 -0.413836242593734
0.966665700000000 0.879646363288296 0.542042437330367 -0.396002708405200
0.999999000000000 0.901418930064898 0.549175200732025 -0.376651767577081
1.033332300000000 0.926378912831446 0.556656239135152 -0.354543807594782
1.066665600000000 0.957652649606941 0.558710555565906 -0.324695542055435
1.099998900000000 0.998180254492292 0.552092623509927 -0.285519958017139
1.133332200000000 1.043899762054015 0.541991497586981 -0.240959455216353
1.166665500000000 1.085937954208476 0.535731180214220 -0.198370963802901
1.199998800000000 1.123276508824437 0.536604306628398 -0.162749818942141
1.233332100000000 1.160464894891714 0.542076227278232 -0.132297506100142
1.266665400000000 1.200493203540995 0.544083092209725 -0.099345111353692
1.299998700000000 1.240865971392893 0.541185245154933 -0.062472081002565
1.333332000000000 1.280884000004456 0.537475677203566 -0.023726919350157
1.366665300000000 1.322485818244491 0.536392900049461 0.014631545943349
1.399998600000000 1.365146738898075 0.536734965141191 0.049829229259444
1.433331900000000 1.408076024087761 0.533692452481124 0.082068781848034
1.466665200000000 1.452536430101617 0.527879939152053 0.112166078584354
1.499998500000000 1.505864103728067 0.528785832907888 0.139732016494387
1.533331800000000 1.572513416294611 0.539988567119724 0.169301976791850
1.566665100000000 1.641145813501959 0.553351978036567 0.202868721809083
1.599998400000000 1.693824162055171 0.559007760847831 0.234681779934465
1.633331700000000 1.723219563832645 0.555855112990789 0.258550470098045
1.666665000000000 1.739410962094663 0.551159619633589 0.274556626351146
1.699998300000000 1.754435516876082 0.547979070284865 0.289212162094877
