0.000000000000000 -0.150055000000000 1.709308000000000 -0.061560000000000
0.033333300000000 -0.287127833433160 1.688505939422685 -0.540838567070516
0.066666600000000 -0.247167211894678 1.693463599442349 -0.489251578589099
0.099999900000000 -0.214444780258834 1.697513405500149 -0.443973860817325
0.133333200000000 -0.188869970745542 1.701393006779020 -0.400398455890624
0.166666500000000 -0.167467097103309 1.703126057225204 -0.361558496714567
0.199999800000000 -0.146580869842543 1.702226140026657 -0.328660993249548
0.233333100000000 -0.126293036260887 1.699930963586774 -0.301180871551814
0.266666400000000 -0.118710343437475 1.694612547957975 -0.279868132813292
0.299999700000000 -0.131500190758666 1.681776824323102 -0.261462411850587
0.333333000000000 -0.151981836676489 1.661778247454531 -0.240540590694545
0.366666300000000 -0.165486085130709 1.640149399447149 -0.217589954229473
0.399999600000000 -0.172673895827336 1.617563867392815 -0.197629700602551
0.433332900000000 -0.178964782855225 1.591454217951515 -0.185892719903343
0.466666200000000 -0.178373833074459 1.566750046198466 -0.180829826844933
0.499999500000000 -0.159436025776446 1.555192213219371 -0.172956859603098
0.533332800000000 -0.123280128539081 1.558229323096097 -0.160615619344517
0.566666100000000 -0.083903743407524 1.563225401567352 -0.148692581470698
0.599999400000000 -0.047486041552049 1.567555429192788 -0.134009229285620
0.633332700000000 -0.005307721960246 1.581963847297578 -0.112834437670961
0.666666000000000 0.046577889704684 1.606100966926695 -0.088034582905019
0.699999300000000 0.098541306013664 1.629129429375808 -0.061298895715943
0.733332600000000 0.141561750506376 1.647600949097180 -0.031626458330239
0.766665900000000 0.180399874850089 1.664925060028582 0.001160646004186
0.799999200000000 0.228246803667880 1.683454154414839 0.037246582404797
0.833332500000000 0.288995889832385 1.700067081595293 0.078116387010472
0.866665800000000 0.353986859861899 1.709164737578439 0.124663056227177
0.899999100000000 0.412243422917848 1.709702311346763 0.174881223932947
0.933332400000000 0.460523083676018 1.707419099839164 0.222774112830267
0.966665700000000 0.504537701432027 1.707419898089369 0.265396687758192
0.999999000000000 0.547520015610874 1.708812059589373 0.306179247597273
1.033332300000000 0.586555311378510 1.709247866964403 0.347106215453372
1.066665600000000 0.621763160035913 1.707472362689977 0.385082491402036
1.099998900000000 0.650674882803816 1.702757090852427 0.415530400529092
1.133332200000000 0.666453842022826 1.695868226279486 0.439013598347241
1.166665500000000 0.671653057523399 1.688934069569036 0.460985863216493
1.199998800000000 0.675404546199179 1.683684545092792 0.485230052694828
1.233332100000000 0.676346335047185 1.677322771311396 0.510434785494597
1.266665400000000 0.668573420904413 1.664871461971043 0.530857282471186
1.299998700000000 0.658208523141743 1.647752245527854 0.547675503608964
1.333332000000000 0.650341687823701 1.629505971772793 0.564615271688751
1.366665300000000 0.642482240067503 1.608992121543009 0.583302223314140
1.399998600000000 0.639503108167195 1.586851343180424 0.603866420553402
1.433331900000000 0.642982131334897 1.561580626964355 0.624597607605179
1.466665200000000 0.645434994868931 1.528233161374893 0.645214851945055
1.499998500000000 0.648312039492716 1.491005956956848 0.664133757043455
1.533331800000000 0.661159328485377 1.460760475841799 0.677114061182488
1.566665100000000 0.687537388495669 1.444788710947626 0.684773088321653
1.599998400000000 0.723392293570764 1.444076901826394 0.694219492254268
1.633331700000000 0.766671233090379 1.457378767922490 0.715202072572811
1.666665000000000 0.820721901819186 1.483440763882362 0.746915149321081
1.699998300000000 0.878695752939451 1.513709400220700 0.775735646293720
