0.000000000000000 0.829061000000000 0.655123000000000 -0.016571000000000
0.033333300000000 0.205883092582753 0.384000881602210 -0.897496653388614
0.066666600000000 0.219259538364188 0.389300295734612 -0.881172855273244
0.099999900000000 0.241219203740751 0.396966220377949 -0.859841049863231
0.133333200000000 0.260629626237330 0.407156079512936 -0.841872197668205
0.166666500000000 0.274703203112368 0.413672559126442 -0.823936348816138
0.199999800000000 0.285875659116384 0.413802783774007 -0.802944447300320
0.233333100000000 0.302367262113376 0.411008221476209 -0.777549095973411
0.266666400000000 0.334613465120124 0.411217584402381 -0.748262320934401
0.299999700000000 0.382224504026687 0.417400571876429 -0.719106145586776
0.333333000000000 0.428615104560225 0.424477160870439 -0.692194638353146
0.366666300000000 0.463542703087711 0.425274975031457 -0.665251699559972
0.399999600000000 0.498673629411072 0.421977235070579 -0.635651685020249
0.433332900000000 0.549143500855958 0.421453628910678 -0.601771447551996
0.466666200000000 0.609290407631609 0.424834284050987 -0.565032368363313
0.499999500000000 0.660490750346277 0.427834228239210 -0.531819393753144
0.533332800000000 0.699910372068367 0.427987583112122 -0.502535445133449
0.566666100000000 0.737596675128757 0.426285331988802 -0.471960937619557
0.599999400000000 0.768266608654073 0.422701301026765 -0.443613464329519
0.633332700000000 0.781900110217736 0.417916537869631 -0.424757267903174
0.666666000000000 0.785212590154816 0.414355100645710 -0.413854697742278
0.699999300000000 0.790442996522106 0.415015778322922 -0.406549895471014
0.733332600000000 0.802388218937726 0.423538754437014 -0.401732221712633
0.766665900000000 0.817560280492233 0.437357944630475 -0.397717373889627
0.799999200000000 0.826299821719839 0.446401731604405 -0.391742983469687
0.833332500000000 0.826787289899308 0.447789693533455 -0.385111254554455
0.866665800000000 0.823281454319962 0.445673744132057 -0.380659860236855
0.899999100000000 0.816535456138534 0.443188625936436 -0.376924186819102
0.933332400000000 0.813678304882784 0.442872261529575 -0.367311338835017
0.966665700000000 0.824316895280740 0.446772275273414 -0.351455810066003
0.999999000000000 0.844098954786491 0.454178505926813 -0.334081425647781
1.033332300000000 0.867914552659825 0.461681226801719 -0.313509120048912
1.066665600000000 0.898754293891597 0.463675572331040 -0.284427494976174
1.099998900000000 0.939753081981549 0.456890675824097 -0.244960966149699
1.133332200000000 0.987763389209420 0.446098932490194 -0.198822653026901
1.166665500000000 1.033931415697469 0.438714676508876 -0.153590442222944
1.199998800000000 1.076258264725932 0.438370756761642 -0.115193145322284
1.233332100000000 1.119588279090480 0.442533397793035 -0.081874241038510
1.266665400000000 1.167672988219203 0.443659779781664 -0.044937648036359
1.299998700000000 1.216940414030530 0.440977260471788 -0.003242801282379
1.333332000000000 1.265489346525606 0.438474027414016 0.040178118893396
1.366665300000000 1.315217117131102 0.439111741079548 0.082497026738187
1.399998600000000 1.364608262184506 0.441182016098457 0.120479957224450
1.433331900000000 1.412786960308013 0.439724622506953 0.154663791138175
1.466665200000000 1.462650826138453 0.435672563954252 0.186447168478778
1.499998500000000 1.521218788166026 0.438199375443989 0.215101157062341
1.533331800000000 1.590825621103234 0.450287607928926 0.245068584327748
1.566665100000000 1.659382954095233 0.463668112427259 0.278673674894964
1.599998400000000 1.709924207828041 0.468719266141766 0.310252660898109
1.633331700000000 1.735936098596384 0.464155956635084 0.333060432031027
1.666665000000000 1.746891915165082 0.456861470609892 0.346487649338500
1.699998300000000 1.755368382356616 0.451152824784048 0.358103272524957
