0.000000000000000 -0.104159000000000 0.023518000000000 1.114920000000000
0.033333300000000 0.719072150228764 -0.133238706295304 0.568815276692118
0.066666600000000 0.732318692078173 -0.120941124055759 0.569546343952133
0.099999900000000 0.737293184972404 -0.097422853493522 0.575910919018345
0.133333200000000 0.733938337979538 -0.094860791291988 0.581492933789577
0.166666500000000 0.728463488648425 -0.125267845549405 0.578892595839033
0.199999800000000 0.726789401537875 -0.162479893345210 0.569120308725194
0.233333100000000 0.728487279672883 -0.177119017908934 0.563510123716495
0.266666400000000 0.731326004438205 -0.166285600439619 0.566724018098674
0.299999700000000 0.732845494779653 -0.147956113935577 0.572917104423645
0.333333000000000 0.731885431880218 -0.148584448880164 0.573729549828161
0.366666300000000 0.726323021303932 -0.180877088295493 0.567688790851702
0.399999600000000 0.712443499010802 -0.234020442538075 0.560009528430934
0.433332900000000 0.687992973178017 -0.298410316339915 0.553980207439034
0.466666200000000 0.660511039418903 -0.375709849082674 0.540612188877211
0.499999500000000 0.653006271847958 -0.455370718331453 0.509039745579650
0.533332800000000 0.665721824701957 -0.523695447988406 0.471120048236465
0.566666100000000 0.659094341105705 -0.593419915340002 0.437786622957890
0.599999400000000 0.628328720831016 -0.663060423068519 0.405327884325352
0.633332700000000 0.627554059526670 -0.699559111020180 0.405613472448460
0.666666000000000 0.695790305877559 -0.693442941485557 0.464915608475752
0.699999300000000 0.829037730961539 -0.650999917373308 0.558061041594954
0.733332600000000 0.997215219147279 -0.569743141570953 0.677111998562183
0.766665900000000 1.152686395963416 -0.443390939475676 0.840939872246054
0.799999200000000 1.280844771204771 -0.270441016838907 1.015107501522185
0.833332500000000 1.398860896144492 -0.086433241063911 1.129963509274042
0.866665800000000 1.510706055891665 0.045601141886893 1.176188409965926
0.899999100000000 1.608180588778125 0.104595903806890 1.189198938572323
0.933332400000000 1.676320069566692 0.112784667061876 1.198037311464126
0.966665700000000 1.702610719671205 0.080804674451693 1.220084881404634
0.999999000000000 1.706086705178932 0.009896004478764 1.243314462493252
1.033332300000000 1.719120190914095 -0.074798497362511 1.240357118547240
1.066665600000000 1.731686858707209 -0.133545072814821 1.227704423121622
1.099998900000000 1.726517993984341 -0.145850431854810 1.236454126502265
1.133332200000000 1.716823867402943 -0.126338431990750 1.255224800298720
1.166665500000000 1.714230151402892 -0.109859732725671 1.264884234728516
1.199998800000000 1.716348654435151 -0.110906705411025 1.266079618087569
1.233332100000000 1.719733498473314 -0.120807064785056 1.262165299525232
1.266665400000000 1.724564189135665 -0.142206753069381 1.249861883067994
1.299998700000000 1.727126352684197 -0.190795841102592 1.227890290428419
1.333332000000000 1.716925784785252 -0.269862380345643 1.201117732289644
1.366665300000000 1.690777656976057 -0.359143701944593 1.174100845071946
1.399998600000000 1.664950486178379 -0.429750106106728 1.146745701365373
1.433331900000000 1.653341937923426 -0.464214714519769 1.130205344691180
1.466665200000000 1.654200405471288 -0.467918014957670 1.131977763785313
1.499998500000000 1.657965906874351 -0.469237316879376 1.136966518295760
1.533331800000000 1.664712913049090 -0.485211209604249 1.132898631842790
1.566665100000000 1.667012015879495 -0.511867265073220 1.140277493698328
1.599998400000000 1.648459078611432 -0.557266783517191 1.165537071561762
1.633331700000000 1.615468103195771 -0.618619965654576 1.184096338996193
1.666665000000000 1.597948743903697 -0.662358010848145 1.205136037929117
1.699998300000000 1.619878907258776 -0.662515528879683 1.274757243253555
