0.000000000000000 -0.104159000000000 0.480695000000000 1.020250000000000
0.033333300000000 0.689671275007813 0.516709102584093 0.538112117077438
0.066666600000000 0.706631693387261 0.454535192979564 0.554116407355612
0.099999900000000 0.713651648040330 0.404848794219112 0.566499552694595
0.133333200000000 0.717873980023288 0.366742051642252 0.575843648249593
0.166666500000000 0.724273370834629 0.332880390714877 0.582779473860980
0.199999800000000 0.731685887032103 0.298783415148387 0.587862305968069
0.233333100000000 0.735288556122861 0.269525829878600 0.592243494033637
0.266666400000000 0.732642393278705 0.251403338731052 0.597647145754799
0.299999700000000 0.727338886683596 0.236475856020282 0.603642572317997
0.333333000000000 0.725473838655002 0.211384165551543 0.608160501057449
0.366666300000000 0.729117433015093 0.171543247433849 0.610421357220325
0.399999600000000 0.735724322315266 0.120906462206992 0.610739469240306
0.433332900000000 0.744177844183365 0.065790791242628 0.609669758581569
0.466666200000000 0.757259595949535 0.010587012705559 0.608704733485775
0.499999500000000 0.779770119160646 -0.035428237402718 0.611736613150244
0.533332800000000 0.812045789842147 -0.072724893460283 0.621813264527788
0.566666100000000 0.844840588668967 -0.120080839848878 0.633511695418731
0.599999400000000 0.878283543343137 -0.169792000701580 0.644839115821041
0.633332700000000 0.931788205570087 -0.184505322887603 0.670200682208754
0.666666000000000 1.011323624747653 -0.152556621791844 0.720602471131950
0.699999300000000 1.102707767203032 -0.089001221216541 0.788997439633001
0.733332600000000 1.199465247080976 0.004024193938996 0.865617846328977
0.766665900000000 1.293746386573436 0.136087113670584 0.944288483840722
0.799999200000000 1.365742580889171 0.298305908562620 1.015705405255299
0.833332500000000 1.403938166554722 0.461587289636883 1.070545616820958
0.866665800000000 1.420901941610499 0.599504418350878 1.102893178087794
0.899999100000000 1.440990818053813 0.694483916491922 1.113391007397022
0.933332400000000 1.478130792340973 0.729160584182009 1.119330698509959
0.966665700000000 1.528457193060547 0.700602694844210 1.139499865999196
0.999999000000000 1.579222279644980 0.638380480970499 1.170083782607045
1.033332300000000 1.623609363862639 0.571487861435573 1.201059139882254
1.066665600000000 1.658236272087197 0.494988076406472 1.231197355569661
1.099998900000000 1.681830170632845 0.405940333288445 1.254783018360704
1.133332200000000 1.698577175929596 0.323582629239139 1.264776717676776
1.166665500000000 1.710970797335644 0.265220911126685 1.266406435243096
1.199998800000000 1.716517291767300 0.233360212043744 1.269764287939359
1.233332100000000 1.716557714069668 0.217538487193371 1.275116531181948
1.266665400000000 1.714982458743619 0.205491179525524 1.280057563402530
1.299998700000000 1.713368706299981 0.194163476032814 1.286789579821913
1.333332000000000 1.712634389933415 0.187957761119324 1.295547370630746
1.366665300000000 1.714670663121301 0.186382190726863 1.302754601403530
1.399998600000000 1.718219871090323 0.178390078650223 1.308182351046331
1.433331900000000 1.721672224627401 0.151594519904991 1.312149615556620
1.466665200000000 1.725981427948353 0.100333047608161 1.312155781427343
1.499998500000000 1.729223397483873 0.031220261230422 1.311862476247355
1.533331800000000 1.732752843358005 -0.038513404414505 1.317679374654988
1.566665100000000 1.744679009940666 -0.096408246575233 1.330845956039844
1.599998400000000 1.768327836653026 -0.145682439943995 1.347845891283336
1.633331700000000 1.796462547153247 -0.193848415643022 1.367916961810599
1.666665000000000 1.817205346255817 -0.234853282131677 1.405930041177701
1.699998300000000 1.831686900818885 -0.250315165815574 1.481012161717614
