0.000000000000000 0.832376000000000 0.726857000000000 -0.039565000000000
0.033333300000000 0.190240854569995 0.445498600795427 -0.938225460660704
0.066666600000000 0.204501399295043 0.452060833813722 -0.920272562642129
0.099999900000000 0.226459567960727 0.460393662369174 -0.897848858521952
0.133333200000000 0.244911008975264 0.471004780890240 -0.878774137478022
0.166666500000000 0.257469360345374 0.477619167789108 -0.859982300904454
0.199999800000000 0.267048353438778 0.477558570636614 -0.838528257760987
0.233333100000000 0.281936659767801 0.474299032565039 -0.813078617113277
0.266666400000000 0.311412333288905 0.473327840150318 -0.784172139473695
0.299999700000000 0.354300935821664 0.477271463595431 -0.755454838416933
0.333333000000000 0.395217883823288 0.481430573051214 -0.728614612337418
0.366666300000000 0.425450081116804 0.479327935008396 -0.701482943856980
0.399999600000000 0.456790569990406 0.473138804221788 -0.671897745782148
0.433332900000000 0.503970399091681 0.469212486149242 -0.638703330528129
0.466666200000000 0.561740825380973 0.469172123608252 -0.603224769362362
0.499999500000000 0.612193626628950 0.470340807282974 -0.571139554628713
0.533332800000000 0.652344128497083 0.470464882490309 -0.542767358588517
0.566666100000000 0.691160743303858 0.469030795593105 -0.513216317729482
0.599999400000000 0.722815616694591 0.465791613987638 -0.485600374951068
0.633332700000000 0.738027666280312 0.462573381578157 -0.466786376598089
0.666666000000000 0.743933283991480 0.461755765003473 -0.455504213825334
0.699999300000000 0.751965228561937 0.465221868655188 -0.447589958183549
0.733332600000000 0.766136444949342 0.476076120209001 -0.441870829382055
0.766665900000000 0.783302470938760 0.492048964539360 -0.436714380450279
0.799999200000000 0.794784546200186 0.503586044081710 -0.429455297405701
0.833332500000000 0.798973951593893 0.507835902069850 -0.421254755085247
0.866665800000000 0.799407922662400 0.508544813479776 -0.414759126097867
0.899999100000000 0.795956588564194 0.508412793320899 -0.408670075141544
0.933332400000000 0.795419801381861 0.509707959627276 -0.397061856758071
0.966665700000000 0.807803343170633 0.514673745217016 -0.379778468719544
0.999999000000000 0.829005748531408 0.522924763713086 -0.361129916112538
1.033332300000000 0.853653650477266 0.531035291826817 -0.339434404048012
1.066665600000000 0.884806303102931 0.533277098242120 -0.309855061922472
1.099998900000000 0.925441849065772 0.526235381237337 -0.270883613981295
1.133332200000000 0.971793413647734 0.514598566740911 -0.225993258704124
1.166665500000000 1.015084670645729 0.505953995469161 -0.182036134581039
1.199998800000000 1.054066431958495 0.504253399199233 -0.144390306919198
1.233332100000000 1.093436961443216 0.506779068478296 -0.111439233074563
1.266665400000000 1.136557706389173 0.505320088032693 -0.075191998867796
1.299998700000000 1.180632824108008 0.499237995051772 -0.034434663204684
1.333332000000000 1.224468237172141 0.493029610733240 0.008140140939497
1.366665300000000 1.269931014985141 0.489795372086183 0.049850174110261
1.399998600000000 1.315955607296458 0.488392298660856 0.087471066318762
1.433331900000000 1.361619864258351 0.483992261037332 0.121380418821323
1.466665200000000 1.409009784445575 0.476781542918955 0.153008135798746
1.499998500000000 1.465311562282289 0.475943486030924 0.181407771554411
1.533331800000000 1.533789859521352 0.485309282528079 0.210342834127427
1.566665100000000 1.602600028727707 0.497328740490507 0.242229998871632
1.599998400000000 1.654216322983487 0.502560204837967 0.272345947680568
1.633331700000000 1.681673739036464 0.499849636221014 0.294758505322220
1.666665000000000 1.694839765165686 0.496165914004421 0.308656342143491
1.699998300000000 1.706281099257822 0.494452548400767 0.320672592599070
