0.000000000000000 -0.160664000000000 1.056010000000000 0.983018000000000
0.033333300000000 0.586738744681161 1.256718010956977 0.212799526717106
0.066666600000000 0.623334358718122 1.227223294438521 0.247566544328756
0.099999900000000 0.660022437468296 1.215410665113921 0.277786524047037
0.133333200000000 0.702046870759613 1.212723510558558 0.296396510758239
0.166666500000000 0.747871216549168 1.215898991347431 0.303888329408341
0.199999800000000 0.794138100728676 1.221609924871004 0.305460472903407
0.233333100000000 0.837204033378242 1.232466343202077 0.308084379896720
0.266666400000000 0.873795698457471 1.264695767872974 0.310180461020629
0.299999700000000 0.902354312086149 1.323235410643641 0.304794551502244
0.333333000000000 0.925843221110377 1.387753514770606 0.289796705849797
0.366666300000000 0.948028899215977 1.439897367585475 0.270300944461226
0.399999600000000 0.965300386431381 1.483943901030456 0.255376339687863
0.433332900000000 0.971702342622851 1.532456156569209 0.250614265596728
0.466666200000000 0.973530482356631 1.579090479225572 0.256226535038387
0.499999500000000 0.987626239263003 1.603745297174590 0.274194997159843
0.533332800000000 1.016530913936861 1.605866357798703 0.304804335572296
0.566666100000000 1.046678848032042 1.603411679748827 0.339387361271503
0.599999400000000 1.076291975557242 1.598403288028552 0.370198460239782
0.633332700000000 1.114162670290257 1.578040402793411 0.401776717691380
0.666666000000000 1.157848237456281 1.541840762531118 0.440172437915955
0.699999300000000 1.196843839261841 1.502962161319456 0.482638166672226
0.733332600000000 1.226223629785684 1.472080669779571 0.525828028896936
0.766665900000000 1.250602564901692 1.444558980992841 0.570510289906607
0.799999200000000 1.279386193689497 1.404493613029355 0.616332954214942
0.833332500000000 1.314429771949766 1.345336874653945 0.661816559385097
0.866665800000000 1.350504531981232 1.273651864636250 0.703744332978307
0.899999100000000 1.384495647988852 1.202607782997012 0.736695051646761
0.933332400000000 1.415781688099679 1.148148474859089 0.763839138611285
0.966665700000000 1.445010302620586 1.112105495010624 0.793758376064246
0.999999000000000 1.474606606220322 1.084986408446666 0.825222672226136
1.033332300000000 1.506036583275768 1.065903025538249 0.855747179098204
1.066665600000000 1.538034671492004 1.056624240886913 0.889956005669122
1.099998900000000 1.568982883236754 1.061499824037294 0.928905077265594
1.133332200000000 1.599266271385261 1.086771793328738 0.965242193736725
1.166665500000000 1.632313524898258 1.127209918226114 0.989806691888982
1.199998800000000 1.669166607514570 1.171476562161240 1.003046527195359
1.233332100000000 1.707808946730771 1.221913429963678 1.007165188686831
1.266665400000000 1.742894488676343 1.287952617864422 1.001835510998153
1.299998700000000 1.772243968099010 1.361041073463574 0.989009571312879
1.333332000000000 1.795127536442826 1.431212262880829 0.974735981407225
1.366665300000000 1.809065799109692 1.497061177136771 0.963576326141796
1.399998600000000 1.818081834406500 1.549001094753273 0.961041173944561
1.433331900000000 1.826643839349517 1.584309390697304 0.965892774028982
1.466665200000000 1.830679903257356 1.614312164019553 0.970543822047904
1.499998500000000 1.828516243871422 1.644701397691792 0.982802459187605
1.533331800000000 1.826953623134726 1.670573087288772 1.016165936660040
1.566665100000000 1.834769034444847 1.684633369402660 1.064757451401568
1.599998400000000 1.857623432223398 1.683297801242432 1.111768539062298
1.633331700000000 1.899280387708593 1.663488674828206 1.154257006484561
1.666665000000000 1.956287176384505 1.623068860421283 1.204134526745810
1.699998300000000 2.010990360694231 1.575966226829392 1.257489767611564
