0.000000000000000 -0.170866000000000 0.678946000000000 0.983575000000000
0.033333300000000 0.568642250779314 0.911526690133343 0.363786729736937
0.066666600000000 0.599800162335885 0.878805516626920 0.390159923101020
0.099999900000000 0.635835459643635 0.864994625635426 0.415282859575900
0.133333200000000 0.681618295335821 0.860598422004356 0.430083792044305
0.166666500000000 0.733626029699147 0.862991368341954 0.436308033897672
0.199999800000000 0.786420161356547 0.869003084491515 0.439215644914523
0.233333100000000 0.836496724063689 0.880977925653005 0.444967851632340
0.266666400000000 0.886963923564778 0.915529411047692 0.452275881589994
0.299999700000000 0.940493111340932 0.978534766218916 0.453147329487786
0.333333000000000 0.993448596972085 1.050084794355422 0.443715471096162
0.366666300000000 1.041110571210472 1.110617617901023 0.429021765178523
0.399999600000000 1.079591895966612 1.163969685104343 0.419191845222851
0.433332900000000 1.105797388769781 1.223993587407050 0.421351023684652
0.466666200000000 1.123227850376092 1.282743720722610 0.435254240714666
0.499999500000000 1.143095948299224 1.314156415302125 0.459260132631717
0.533332800000000 1.168379986098822 1.316566000803517 0.493295003814694
0.566666100000000 1.192581299011018 1.313379283831122 0.531416950890784
0.599999400000000 1.216797853852311 1.307402281391402 0.564770192342630
0.633332700000000 1.244902665496332 1.281726019494959 0.595132615973351
0.666666000000000 1.272686349306680 1.236197472130085 0.629053674502650
0.699999300000000 1.295138462176319 1.187869700774925 0.665221037749324
0.733332600000000 1.311901023123202 1.148925483071299 0.700503913565570
0.766665900000000 1.325332779814023 1.113904909386269 0.735933773309734
0.799999200000000 1.338880323421660 1.066045079387025 0.771879370484215
0.833332500000000 1.353280962699653 0.999096448438892 0.806349573434046
0.866665800000000 1.367564700975651 0.920600576597228 0.835446172562879
0.899999100000000 1.383268519512536 0.844547622606247 0.855325009902714
0.933332400000000 1.401611179369831 0.787140731846688 0.872256241912510
0.966665700000000 1.421436566590285 0.749389865048219 0.894571579066381
0.999999000000000 1.443608601270849 0.720937086992186 0.918971544031042
1.033332300000000 1.470637296187111 0.700780937543186 0.943578858070475
1.066665600000000 1.501043480384838 0.691011629479145 0.975048433705143
1.099998900000000 1.534144959788972 0.696160488178875 1.016055189433929
1.133332200000000 1.573309252953235 0.722275318819236 1.058784709274897
1.166665500000000 1.621232518428959 0.764105311986500 1.091364111656225
1.199998800000000 1.675196057395615 0.810130576309046 1.111094663016123
1.233332100000000 1.734265659179832 0.863148782293191 1.120609787914528
1.266665400000000 1.795609320157790 0.934812903939918 1.123470728189650
1.299998700000000 1.853154522825536 1.017092998116966 1.121050677566329
1.333332000000000 1.902402791761348 1.098674335490499 1.116835237260856
1.366665300000000 1.941107685183709 1.177341952426267 1.113996299042073
1.399998600000000 1.970473032181535 1.241308491290272 1.117194109355968
1.433331900000000 1.994833127249299 1.287144818791920 1.126165138210317
1.466665200000000 2.014926855045003 1.328720459234213 1.134165608479248
1.499998500000000 2.028504128906771 1.371502557224492 1.149082054041469
1.533331800000000 2.036736213622989 1.407301420343310 1.186345324920476
1.566665100000000 2.045954709716422 1.426126177454861 1.240417046482871
1.599998400000000 2.063904631289605 1.423781029821149 1.291714994028644
1.633331700000000 2.096379408216706 1.396608036927512 1.333723862202367
1.666665000000000 2.138418772722852 1.342125294049932 1.377859686371385
1.699998300000000 2.174141392583953 1.280006872061368 1.425035147748384
