0.000000000000000 -0.023161000000000 2.355043000000000 0.036901000000000
0.033333300000000 0.121767325776825 2.274403796491016 0.058511353128893
0.066666600000000 0.142121224038622 2.277736675912217 0.090003878948582
0.099999900000000 0.165587123594096 2.282986121040003 0.119727082608561
0.133333200000000 0.189467087818818 2.288690658201142 0.149618521159380
0.166666500000000 0.210898420358533 2.293315443398868 0.179879598712659
0.199999800000000 0.231369102984537 2.295679232217698 0.210039805346692
0.233333100000000 0.253546004946738 2.298019231657819 0.236149055231898
0.266666400000000 0.278900540871000 2.301107019449884 0.257196958802697
0.299999700000000 0.304274180735861 2.302932982982813 0.275733594846421
0.333333000000000 0.327651406802720 2.303209175030645 0.292613237448248
0.366666300000000 0.351305698762946 2.302441635139963 0.308171743478881
0.399999600000000 0.376590561118655 2.300244012560791 0.323501827503420
0.433332900000000 0.403982340595727 2.297419946327639 0.339029691588366
0.466666200000000 0.433888516557053 2.296488217105912 0.353272625843412
0.499999500000000 0.464518978192996 2.299696805183230 0.363531030239109
0.533332800000000 0.495361409173246 2.305928846102157 0.371804919879941
0.566666100000000 0.525190772484339 2.310666333722941 0.385140949945512
0.599999400000000 0.552301195283063 2.312550756544396 0.405332764236817
0.633332700000000 0.578774273740231 2.314960896431436 0.428464608112976
0.666666000000000 0.605647324179201 2.319135146143200 0.450623918584681
0.699999300000000 0.630808858091738 2.323025973400306 0.471144246157584
0.733332600000000 0.654916841676429 2.325632468223144 0.493242102708299
0.766665900000000 0.680970657005463 2.327324456355312 0.518357522060715
0.799999200000000 0.712273320425664 2.328333773471655 0.542940270430473
0.833332500000000 0.745226787225148 2.327618807934302 0.566466576817770
0.866665800000000 0.770065426681151 2.323340762255469 0.592001982320470
0.899999100000000 0.786557410847861 2.314773528368867 0.622555441239662
0.933332400000000 0.808808903400242 2.304424824435441 0.660081291125839
0.966665700000000 0.843633108397758 2.295481811122042 0.702147378149597
0.999999000000000 0.881686597456374 2.289213970919988 0.742967877486297
1.033332300000000 0.911677135347035 2.287307932279996 0.778522776856557
1.066665600000000 0.929504412475170 2.290579771553830 0.806501524244067
1.099998900000000 0.937662026686970 2.296511127519323 0.827012161840813
1.133332200000000 0.945921297351456 2.300553479310763 0.848277330314082
1.166665500000000 0.963075881680800 2.302070550793880 0.877188019864885
1.199998800000000 0.983528080698899 2.305506919150540 0.906784519225493
1.233332100000000 0.993760235251558 2.314096875353171 0.924738976654666
1.266665400000000 0.993237077334336 2.324790152863198 0.932024744656707
1.299998700000000 0.998313062442003 2.332400756937986 0.945516646679217
1.333332000000000 1.013539428302054 2.337883114898139 0.967481422328386
1.366665300000000 1.030292528629620 2.342934970487442 0.987757853863418
1.399998600000000 1.049494544551703 2.344791495524792 1.006448682946427
1.433331900000000 1.074390565497543 2.339632043546233 1.028393198107590
1.466665200000000 1.102206172048795 2.327811357087997 1.052500237618892
1.499998500000000 1.131150546161543 2.314571473479483 1.076206383357538
1.533331800000000 1.161833321791690 2.305009341633341 1.099038486520852
1.566665100000000 1.194372376443236 2.300443030066991 1.120426795581859
1.599998400000000 1.227631977224210 2.299829416166251 1.138544861302839
1.633331700000000 1.259135290468166 2.300718772321456 1.156785315207894
1.666665000000000 1.284930535284460 2.301603607650899 1.180588049654154
1.699998300000000 1.301098233391743 2.305126521631285 1.200246266201702
