0.000000000000000 -0.161360000000000 1.816240000000000 -0.018418000000000
0.033333300000000 -0.251716083298605 1.798280979454920 -0.551744292841600
0.066666600000000 -0.209794725838162 1.802804137838347 -0.497703085159890
0.099999900000000 -0.176544094115597 1.806766358407565 -0.451102436365728
0.133333200000000 -0.151377040573891 1.810819344768224 -0.407004630213651
0.166666500000000 -0.130796625430463 1.812791803980693 -0.368782435641622
0.199999800000000 -0.110766848143239 1.812060191290682 -0.337454595880085
0.233333100000000 -0.091683208789276 1.809971965651805 -0.311980061780647
0.266666400000000 -0.087623114659652 1.805419970153513 -0.293239295255662
0.299999700000000 -0.107439576424892 1.793902248808773 -0.277968890718859
0.333333000000000 -0.136352695133637 1.774847261344020 -0.260405530807519
0.366666300000000 -0.157109524645099 1.753347407472579 -0.240817765856568
0.399999600000000 -0.170585168596173 1.730345644590220 -0.224075906084201
0.433332900000000 -0.183422229805969 1.703367562328389 -0.215540979964832
0.466666200000000 -0.188570822735125 1.677429813620272 -0.213533080558611
0.499999500000000 -0.172126790708437 1.665049255084760 -0.207509200019317
0.533332800000000 -0.135177754207886 1.667998033860437 -0.195726450569212
0.566666100000000 -0.094284656602126 1.673008384891324 -0.184237226861720
0.599999400000000 -0.056363736766673 1.677365494236155 -0.169875897312801
0.633332700000000 -0.010867178381396 1.692267189184593 -0.147845193512390
0.666666000000000 0.046401671697771 1.717213917406638 -0.120857790780503
0.699999300000000 0.103724299670041 1.740947321267015 -0.091188466691075
0.733332600000000 0.150608464949339 1.760034950911697 -0.058088620513055
0.766665900000000 0.192640948558067 1.777893758452600 -0.021460468533493
0.799999200000000 0.245067211822596 1.796558482666471 0.018592558091133
0.833332500000000 0.312130517953046 1.812665917128306 0.063632636316506
0.866665800000000 0.383782225842076 1.820679040208373 0.114648851420706
0.899999100000000 0.447736762345516 1.819831574243803 0.168943538088426
0.933332400000000 0.500130757305328 1.816256312177179 0.219744059529900
0.966665700000000 0.546977366477586 1.815224177734377 0.264622133666131
0.999999000000000 0.592078331080983 1.815751645620448 0.307583631847007
1.033332300000000 0.632404525627680 1.815603563789229 0.350237208688655
1.066665600000000 0.668043636156437 1.813613165736255 0.389049262349382
1.099998900000000 0.696186112722700 1.809244909745930 0.419074435198229
1.133332200000000 0.709302902001033 1.803499210528972 0.440750811562088
1.166665500000000 0.710379629627434 1.798125155302055 0.459962529118361
1.199998800000000 0.709557441431477 1.794332874721237 0.481486883712691
1.233332100000000 0.705015147940557 1.789393842592703 0.503980587598255
1.266665400000000 0.689937330812311 1.778271695066668 0.520490945622343
1.299998700000000 0.671467918332039 1.761834277264945 0.532412270091828
1.333332000000000 0.655744725706891 1.743473995878550 0.544476077153279
1.366665300000000 0.640140751675739 1.722236304882260 0.558934966793739
1.399998600000000 0.630476709666309 1.699061264232949 0.576462979786176
1.433331900000000 0.628529753904486 1.672667697775359 0.595029393199173
1.466665200000000 0.625288249569333 1.637904710643715 0.613754595227589
1.499998500000000 0.622173200372530 1.599031731060754 0.631412494358454
1.533331800000000 0.630499494602695 1.567399259024410 0.643772865585908
1.566665100000000 0.655045643182463 1.550762280899846 0.651048071330056
1.599998400000000 0.691693302870343 1.550260680786501 0.660401324584551
1.633331700000000 0.738056705272009 1.564755051065737 0.682414415915571
1.666665000000000 0.797585882628888 1.592946770334642 0.716971098386416
1.699998300000000 0.862137565027353 1.625225917067356 0.749026458986392
