0.000000000000000 0.853189000000000 0.797016000000000 -0.003846000000000
0.033333300000000 0.234058201225750 0.509015153063489 -0.964244702214369
0.066666600000000 0.249322779572880 0.515382796468600 -0.945025060021661
0.099999900000000 0.271407742478731 0.523841953914266 -0.922041607818139
0.133333200000000 0.289184285025239 0.534855608728615 -0.903151627569434
0.166666500000000 0.300595788022772 0.541838710284309 -0.885423896933263
0.199999800000000 0.308914159202629 0.541930002496649 -0.865637043772765
0.233333100000000 0.322421056156917 0.538771401396942 -0.841986064548359
0.266666400000000 0.349219747924167 0.538475196716552 -0.815119425978805
0.299999700000000 0.387223488797692 0.543844303305374 -0.788853576858600
0.333333000000000 0.422132526600758 0.549259557678160 -0.764755227435097
0.366666300000000 0.446918396613637 0.547564651918537 -0.740395346841809
0.399999600000000 0.473585383735220 0.541214167409542 -0.713310212131454
0.433332900000000 0.516380883549289 0.536858248304456 -0.682307733390313
0.466666200000000 0.570678088185073 0.536145592714494 -0.648677964854491
0.499999500000000 0.619857649983181 0.536798728440713 -0.617571447465614
0.533332800000000 0.660897161534499 0.536753192103531 -0.589286374544172
0.566666100000000 0.701133143212279 0.535161634332444 -0.559676802215743
0.599999400000000 0.734050698776754 0.531749124044066 -0.532019045857970
0.633332700000000 0.751480028722595 0.528581308264560 -0.512538980570802
0.666666000000000 0.760917478235807 0.527987312821801 -0.499733530239445
0.699999300000000 0.772545352420212 0.531758763255884 -0.489787272907046
0.733332600000000 0.789417875291332 0.543159380597587 -0.481734652428374
0.766665900000000 0.808900699561937 0.559782326640343 -0.473973413728835
0.799999200000000 0.823528485738510 0.571484851452232 -0.464021915818238
0.833332500000000 0.831849146078202 0.575216725010102 -0.453040907707313
0.866665800000000 0.836493906340556 0.575023351469089 -0.443682248550794
0.899999100000000 0.836436954807105 0.573916191660359 -0.435164564489742
0.933332400000000 0.838213664815993 0.574369632641442 -0.421938884442059
0.966665700000000 0.852265988844531 0.578703865325148 -0.403326930869238
0.999999000000000 0.874786979269645 0.586504491585053 -0.383333751970762
1.033332300000000 0.900200444602198 0.594408635240805 -0.360612895784296
1.066665600000000 0.931635679280066 0.596613755480257 -0.330513972536520
1.099998900000000 0.971926170793490 0.589774600026924 -0.291699202373724
1.133332200000000 1.016732920050584 0.578895050188512 -0.247849978301096
1.166665500000000 1.057314299004605 0.571419661403979 -0.205747277180712
1.199998800000000 1.093056699289583 0.570950850793760 -0.170129813815139
1.233332100000000 1.128430946032540 0.574813303259770 -0.139333267405607
1.266665400000000 1.166252114903810 0.574574574243755 -0.106068712643839
1.299998700000000 1.204418529032034 0.569065965551146 -0.068925357430891
1.333332000000000 1.242526860269757 0.562738490646927 -0.029884474824471
1.366665300000000 1.282456942625019 0.558999502981055 0.008798954702723
1.399998600000000 1.323830857665619 0.556970745837746 0.044270485009831
1.433331900000000 1.365817608319103 0.551928221458869 0.076676980056461
1.466665200000000 1.409385996823540 0.543960334231736 0.106984428071091
1.499998500000000 1.461891219678594 0.542459379500465 0.134554272395629
1.533331800000000 1.528038649801614 0.551554136438146 0.163333727262976
1.566665100000000 1.596592424525949 0.563714986236487 0.195452992997919
1.599998400000000 1.649496539777483 0.569331222554204 0.225970651987426
1.633331700000000 1.679297652348445 0.567358360391948 0.249280603173334
1.666665000000000 1.696194791490381 0.564988573863392 0.265148657711935
1.699998300000000 1.712227597399788 0.564457254940392 0.279498651408693
