0.000000000000000 -0.155057000000000 0.733296000000000 0.945062000000000
0.033333300000000 0.545246632259957 0.950139356127178 0.312320150434194
0.066666600000000 0.576796682124076 0.919099242117409 0.339817539867165
0.099999900000000 0.612605781546110 0.906173872580479 0.365767707146555
0.133333200000000 0.657233305306736 0.902319670054826 0.381588314255987
0.166666500000000 0.707479919863674 0.904821702650441 0.388834823392838
0.199999800000000 0.758401254826202 0.910564867973848 0.392582457002520
0.233333100000000 0.806730319640249 0.921906222235877 0.398859969458992
0.266666400000000 0.854806776963515 0.954854196067876 0.406378391623525
0.299999700000000 0.904671986441746 1.014928615924692 0.407546542636264
0.333333000000000 0.953420511830444 1.082865111435966 0.398879086741572
0.366666300000000 0.997396276757737 1.139956604474124 0.385256688892324
0.399999600000000 1.033034309493271 1.189979303479686 0.376261865490953
0.433332900000000 1.057214712906092 1.246201767729059 0.378530224145667
0.466666200000000 1.073592669885479 1.301237203336229 0.391878799508583
0.499999500000000 1.093418049191222 1.330695757804895 0.415150531716248
0.533332800000000 1.119454558315473 1.333063283084992 0.448336856487304
0.566666100000000 1.144689274783147 1.330146051848135 0.485456854994246
0.599999400000000 1.169723722846700 1.324519980739357 0.518100006142136
0.633332700000000 1.198746092177704 1.300503636091356 0.548185120928020
0.666666000000000 1.228037955944564 1.257949700213447 0.581931858137328
0.699999300000000 1.252280189397278 1.212747004822366 0.617983516585058
0.733332600000000 1.270614587728383 1.176471846046349 0.653347573532962
0.766665900000000 1.285556125685945 1.143977453969052 0.689023701523973
0.799999200000000 1.301075828419461 1.099107179462795 0.725351800774030
0.833332500000000 1.318038484085175 1.035707422104407 0.760472534908018
0.866665800000000 1.335022549661552 0.960888739777651 0.790669288545279
0.899999100000000 1.352883539965379 0.888071340934344 0.812086852982122
0.933332400000000 1.372671863803037 0.832999044521319 0.830463560494720
0.966665700000000 1.393693567942923 0.796858406452468 0.853777440357425
0.999999000000000 1.416919872971466 0.769719738037938 0.879033356244714
1.033332300000000 1.444539982411435 0.750525129332654 0.904443915283925
1.066665600000000 1.475193725752906 0.741150067518185 0.936253777288643
1.099998900000000 1.508136180049714 0.745877204090508 0.976826490901970
1.133332200000000 1.546160677226816 0.770630733013937 1.018637407690565
1.166665500000000 1.591853098023213 0.810514304978973 1.050496590577482
1.199998800000000 1.643086736596555 0.854546632730538 1.070066547155649
1.233332100000000 1.698912218567130 0.905282136383651 1.079841899364480
1.266665400000000 1.756315297375715 0.973531219398570 1.082924827435139
1.299998700000000 1.809860194692247 1.051542843112480 1.080728100538227
1.333332000000000 1.855616400347891 1.128675896976012 1.076859709040340
1.366665300000000 1.891372759636846 1.202881747612268 1.074483620035745
1.399998600000000 1.918610112653135 1.262985471216396 1.078111608427482
1.433331900000000 1.941535032283390 1.305638133925088 1.087378439886615
1.466665200000000 1.960332779552358 1.343880643264074 1.095737059980147
1.499998500000000 1.973019948920286 1.383223250398179 1.110725447403816
1.533331800000000 1.981440498024747 1.416345836087134 1.147004759103415
1.566665100000000 1.991796962524070 1.433901066760394 1.199263824672957
1.599998400000000 2.011033931123627 1.431783725995614 1.248962844129147
1.633331700000000 2.044419252424212 1.406473414763599 1.290250713246132
1.666665000000000 2.087516620065354 1.355680492755278 1.334129547818380
1.699998300000000 2.124918340864217 1.297735643724134 1.380877689852802
