0.000000000000000 0.873377000000000 0.737658000000000 0.040118000000000
0.033333300000000 0.280064113826299 0.454274652894172 -0.936845730337886
0.066666600000000 0.294478953166451 0.459146374086580 -0.919292950853551
0.099999900000000 0.316480184804120 0.466976993554464 -0.897575027229282
0.133333200000000 0.334901661637836 0.477809854905098 -0.880359667142190
0.166666500000000 0.347325396120334 0.484933696498059 -0.864401690893380
0.199999800000000 0.356653450274051 0.485326948405434 -0.846122858704102
0.233333100000000 0.371202430802716 0.482728571807910 -0.823456475162137
0.266666400000000 0.400088443040963 0.484157009849351 -0.797072607356304
0.299999700000000 0.441743237939519 0.492987537391689 -0.771391017543445
0.333333000000000 0.480668537973881 0.502644877807200 -0.748495836393191
0.366666300000000 0.508630696342355 0.504686596576342 -0.725670605037888
0.399999600000000 0.537768410652910 0.501736038200835 -0.699680652531393
0.433332900000000 0.582821624832738 0.501301779142274 -0.668701511589951
0.466666200000000 0.638853233349729 0.504444807638602 -0.634153861544824
0.499999500000000 0.688675040657819 0.507077794096236 -0.601931301140155
0.533332800000000 0.729389763461225 0.506940577076002 -0.572442293631640
0.566666100000000 0.769052598565177 0.504880094931118 -0.541408506506333
0.599999400000000 0.801424615890701 0.500888746414954 -0.512728199254712
0.633332700000000 0.817809199579954 0.495739809260095 -0.492901617795061
0.666666000000000 0.825452140939315 0.491824864847254 -0.479951524546274
0.699999300000000 0.835111196452997 0.492321153026398 -0.469939232087828
0.733332600000000 0.850425339617835 0.501265039274897 -0.462069912750045
0.766665900000000 0.868518509510142 0.515769251489550 -0.454677909763136
0.799999200000000 0.881124128677250 0.524651696004332 -0.445229573527069
0.833332500000000 0.886554877061128 0.524734287661339 -0.435080662808291
0.866665800000000 0.887971288370254 0.520796834119177 -0.427149897871272
0.899999100000000 0.885044869909324 0.516546763558109 -0.420680564589042
0.933332400000000 0.884688398549640 0.514816899809304 -0.409395926252979
0.966665700000000 0.897171260255931 0.517705797594629 -0.392079125011577
0.999999000000000 0.918449717810651 0.524426111756365 -0.373155906177769
1.033332300000000 0.943109090541077 0.531649381356708 -0.351454022512801
1.066665600000000 0.974276898878110 0.533613179232946 -0.321772428754207
1.099998900000000 1.014966170296071 0.527131794730632 -0.282360876404046
1.133332200000000 1.061292482394204 0.517514786077771 -0.237330121372512
1.166665500000000 1.104287894725644 0.512016241618604 -0.194412288547008
1.199998800000000 1.142668315207802 0.513736465012079 -0.158774012905063
1.233332100000000 1.181039286302166 0.520229339091830 -0.128529264862558
1.266665400000000 1.222510821521678 0.523659391041778 -0.095755475848644
1.299998700000000 1.264330236432922 0.522414499944105 -0.059025931794902
1.333332000000000 1.305605399739656 0.520363648778030 -0.020438454513600
1.366665300000000 1.348316661393466 0.520969339895229 0.017741095059095
1.399998600000000 1.391840168676721 0.522824176830109 0.052785364665380
1.433331900000000 1.435407948969326 0.521061457459399 0.084934407146477
1.466665200000000 1.480478061477661 0.516632053828301 0.114911670161840
1.499998500000000 1.534380747483044 0.519090058645657 0.142485476936733
1.533331800000000 1.601405477542419 0.531660331123197 0.172569456052274
1.566665100000000 1.670132590510296 0.545809563549697 0.207071970121657
1.599998400000000 1.722685475262105 0.551496446501751 0.239721355985512
1.633331700000000 1.751808298147735 0.547584813226223 0.263942590837184
1.666665000000000 1.767511433834013 0.541395129542488 0.280016054889464
1.699998300000000 1.781851319468259 0.536514652884182 0.294845157856347
