0.000000000000000 -0.165650000000000 0.687859000000000 0.957993000000000
0.033333300000000 0.549477383257258 0.913842184988203 0.344078018832555
0.066666600000000 0.580555995887296 0.881958395499187 0.370645611466524
0.099999900000000 0.616435094897389 0.868548216687501 0.395993360244062
0.133333200000000 0.661798293369200 0.864338185819153 0.411261766904489
0.166666500000000 0.713195293000650 0.866716102788258 0.418147684424923
0.199999800000000 0.765344483378146 0.872571180632110 0.421775133426765
0.233333100000000 0.814873024957888 0.884223926415279 0.428146256606427
0.266666400000000 0.864817246895333 0.917887100783892 0.435995434581570
0.299999700000000 0.917755421538217 0.979247599204389 0.437540398863432
0.333333000000000 0.970110160428330 1.048881733261995 0.429054060089762
0.366666300000000 1.017262267723297 1.107747062393464 0.415453225011659
0.399999600000000 1.055459157111613 1.159596544798520 0.406559603938877
0.433332900000000 1.081737920821849 1.217963386819122 0.409273539361083
0.466666200000000 1.099518493310653 1.275153330733097 0.423365619537867
0.499999500000000 1.119699365321450 1.305778557063703 0.447281053386566
0.533332800000000 1.145161571866879 1.308197456219231 0.480967811869333
0.566666100000000 1.169553217417539 1.305157057497503 0.518642390184333
0.599999400000000 1.193882160103243 1.299365651648975 0.551679336655827
0.633332700000000 1.221899775009440 1.274424614130998 0.581766859271250
0.666666000000000 1.249560083231203 1.230199977866435 0.615259008238866
0.699999300000000 1.272012915068963 1.183241581186184 0.650907528924615
0.733332600000000 1.288892046747345 1.145426739640667 0.685690650549732
0.766665900000000 1.302506634066106 1.111459843451122 0.720634241652994
0.799999200000000 1.316250897708831 1.064961453797927 0.756137013626575
0.833332500000000 1.330877849307613 0.999769391712992 0.790264343979190
0.866665800000000 1.345419542210385 0.923179276568276 0.819197197159379
0.899999100000000 1.361301378147412 0.848855368713470 0.839201270579056
0.933332400000000 1.379739351085035 0.792733537629627 0.856399678511264
0.966665700000000 1.399713577987118 0.755884991070336 0.878854961965253
0.999999000000000 1.422061539252077 0.728161021618522 0.903331024709934
1.033332300000000 1.449178873190234 0.708518116057710 0.928062444176746
1.066665600000000 1.479634268961290 0.698951102904938 0.959566270518334
1.099998900000000 1.512757724782375 0.703853702770921 1.000419091005284
1.133332200000000 1.551771731642426 0.729157922056702 1.042978004985942
1.166665500000000 1.599288931344569 0.769821712433010 1.075651419402449
1.199998800000000 1.652715271678803 0.814656958109532 1.095758004537366
1.233332100000000 1.711169733455048 0.866337911319381 1.105862088865054
1.266665400000000 1.771868146954560 0.936159204220219 1.109483907916572
1.299998700000000 1.828874566518946 1.016328741639201 1.107974493543494
1.333332000000000 1.877780186405149 1.095861292001442 1.104714963121005
1.366665300000000 1.916361848944224 1.172565429068988 1.102775097378627
1.399998600000000 1.945797943407757 1.234883776049112 1.106660829647257
1.433331900000000 1.970338140946261 1.279396215246365 1.116113186182013
1.466665200000000 1.990713588190863 1.319612609017768 1.124581678014322
1.499998500000000 2.004777042235733 1.360987489427600 1.139725470459208
1.533331800000000 2.013703219376548 1.395664439554668 1.176590899747179
1.566665100000000 2.023602875056676 1.413920323903100 1.229810464780159
1.599998400000000 2.041925139463542 1.411615102733925 1.280314156320962
1.633331700000000 2.074306839172417 1.385133059448042 1.321798530482421
1.666665000000000 2.115979695653911 1.332054018150382 1.365363920190496
1.699998300000000 2.151437336873367 1.271590354056484 1.411814897182641
