0.000000000000000 -0.169488000000000 1.723312000000000 0.007393000000000
0.033333300000000 -0.236813574674242 1.719288752617446 -0.497836702084477
0.066666600000000 -0.196016528989745 1.722246045392145 -0.445852901874479
0.099999900000000 -0.162748810269108 1.725354879197165 -0.400607412983778
0.133333200000000 -0.136312843479249 1.728833401753598 -0.357818643348787
0.166666500000000 -0.113726581994611 1.730642460439621 -0.320533237069591
0.199999800000000 -0.091578026003333 1.730135150171769 -0.289621956246724
0.233333100000000 -0.070368042262194 1.728621956398886 -0.264066328254163
0.266666400000000 -0.062683711084037 1.725480499852263 -0.244704851377856
0.299999700000000 -0.076339676480224 1.716606613868669 -0.228713775942443
0.333333000000000 -0.098077535442349 1.701038792075961 -0.210855482332139
0.366666300000000 -0.112634643132134 1.683083792681826 -0.191291056661776
0.399999600000000 -0.121090818712682 1.663668669698667 -0.174352935175622
0.433332900000000 -0.129592228345654 1.640923758620379 -0.164836063918828
0.466666200000000 -0.131627939151083 1.619255802485463 -0.161176836821996
0.499999500000000 -0.114222609286786 1.609174314500096 -0.153722756466050
0.533332800000000 -0.078267149892696 1.612180232074751 -0.140831645647914
0.566666100000000 -0.038898687250146 1.616883349320418 -0.128110049219280
0.599999400000000 -0.002298179368786 1.620841434891820 -0.112868575170280
0.633332700000000 0.041111986093343 1.633823457297348 -0.090833077386430
0.666666000000000 0.094966156323929 1.655383110623937 -0.064410211057853
0.699999300000000 0.148604190000625 1.675633355014391 -0.035620799434907
0.733332600000000 0.192558850249481 1.691782626546822 -0.003777766358337
0.766665900000000 0.231965537353853 1.706901826954622 0.031280502604898
0.799999200000000 0.280798969739380 1.722454837822709 0.069580562425936
0.833332500000000 0.343039351789360 1.735057492830407 0.112514772381672
0.866665800000000 0.409583679354493 1.739633578153812 0.160841960928610
0.899999100000000 0.469295298981089 1.735926061398327 0.212105786654394
0.933332400000000 0.518720190300319 1.730396533144771 0.260369379398559
0.966665700000000 0.563327492550611 1.728071821274884 0.303416790900777
0.999999000000000 0.606599760698990 1.727563806538921 0.344730872767517
1.033332300000000 0.645858535336113 1.726654815790413 0.385944282794617
1.066665600000000 0.681093621712141 1.724348722114124 0.424112665932426
1.099998900000000 0.709689840451074 1.720290565601516 0.454748785707736
1.133332200000000 0.724930880200003 1.715551156425165 0.478017298947485
1.166665500000000 0.729728920396881 1.711661887499344 0.498918832287375
1.199998800000000 0.733262676269444 1.709457394124907 0.521513124153418
1.233332100000000 0.733896647049371 1.706435311541439 0.544620798077105
1.266665400000000 0.725325508193140 1.698419378968381 0.562194282253565
1.299998700000000 0.713688332941809 1.686157131223403 0.575520178065973
1.333332000000000 0.704191276675797 1.672406912179937 0.588863961011434
1.366665300000000 0.694233603109317 1.656006362352378 0.604271955272239
1.399998600000000 0.689032837563875 1.637171942404497 0.622384392191335
1.433331900000000 0.690422651603096 1.614457014057748 0.641383150378043
1.466665200000000 0.690472365432704 1.583639304879785 0.660382720488921
1.499998500000000 0.690366911579442 1.548937456094317 0.678402564122343
1.533331800000000 0.700158835149544 1.520634471716667 0.692027545628084
1.566665100000000 0.724309537641818 1.505620557710412 0.701373244363159
1.599998400000000 0.759473502619621 1.504848750226125 0.712473253743048
1.633331700000000 0.803880511313815 1.517007113855088 0.734904856371893
1.666665000000000 0.860445702717428 1.540652594170183 0.768757657747296
1.699998300000000 0.921034746384467 1.567920919263892 0.800164942967951
