0.000000000000000 0.844777000000000 0.664823000000000 0.017701000000000
0.033333300000000 0.243733110362306 0.393110614572990 -0.897292757710655
0.066666600000000 0.257272630034977 0.397704414669296 -0.881004647681020
0.099999900000000 0.279278268530392 0.405161215866263 -0.859888874979268
0.133333200000000 0.298660325113870 0.415446394145137 -0.842639869086933
0.166666500000000 0.312644608485282 0.422178514657722 -0.825873143068026
0.199999800000000 0.323680092176725 0.422500105636313 -0.806235958819459
0.233333100000000 0.339980406598777 0.419983331527035 -0.782060352847273
0.266666400000000 0.371816255844670 0.421198721238285 -0.753917581471322
0.299999700000000 0.418581015078842 0.429416255747743 -0.726140351519161
0.333333000000000 0.463750975603753 0.438754918294933 -0.700984908482092
0.366666300000000 0.497406468531803 0.441230328345746 -0.675943973255118
0.399999600000000 0.531339209539054 0.439219185096683 -0.647953213381704
0.433332900000000 0.580624053090947 0.440061685532808 -0.615126885424029
0.466666200000000 0.639779138784221 0.444665603313438 -0.578917925172710
0.499999500000000 0.690596304711616 0.448215828993424 -0.545744143185540
0.533332800000000 0.730279826674115 0.448260364650046 -0.516039634763076
0.566666100000000 0.768379418145407 0.446307426439315 -0.484891178356254
0.599999400000000 0.799411345720037 0.442422791877083 -0.456132282032297
0.633332700000000 0.813683744520047 0.436885332455111 -0.436825328567832
0.666666000000000 0.817966705483198 0.432115973474953 -0.425140619927488
0.699999300000000 0.824121203342066 0.431613565435283 -0.416842827574100
0.733332600000000 0.836719347467645 0.439394019499786 -0.410986234327676
0.766665900000000 0.852423154416752 0.452643480510970 -0.405877339398808
0.799999200000000 0.861843724676846 0.460620728344836 -0.398821380333274
0.833332500000000 0.863147898816210 0.460301650162364 -0.391194814424479
0.866665800000000 0.860373028351096 0.456256259983443 -0.385939832019741
0.899999100000000 0.854126876550749 0.452038886123942 -0.381844621568758
0.933332400000000 0.851551843880364 0.450435797145987 -0.372214458317347
0.966665700000000 0.862373771481608 0.453444678711316 -0.356231356756559
0.999999000000000 0.882293054799348 0.460188132290298 -0.338636388432822
1.033332300000000 0.906178478789720 0.467301453083890 -0.317974280030715
1.066665600000000 0.937045867873387 0.469171697727109 -0.288809344771390
1.099998900000000 0.978026335845541 0.462630761325277 -0.249187327376758
1.133332200000000 1.025891606395715 0.452712060349836 -0.203083896943704
1.166665500000000 1.071734381472216 0.446675248295296 -0.158408922023314
1.199998800000000 1.113592502885138 0.447783362933509 -0.120955966960309
1.233332100000000 1.156248948000316 0.453615777159465 -0.088862003363583
1.266665400000000 1.203307972849508 0.456780274645862 -0.053519779879336
1.299998700000000 1.251265550653115 0.456084859004715 -0.013692589716223
1.333332000000000 1.298393852206717 0.455256128380286 0.027877417650929
1.366665300000000 1.346628039642810 0.457409476686864 0.068561480908106
1.399998600000000 1.394677764734198 0.460743889042332 0.105353465155378
1.433331900000000 1.441739853047829 0.460295059954026 0.138718894488377
1.466665200000000 1.490383157770786 0.457294356190657 0.169741824822929
1.499998500000000 1.547681430484336 0.461066515618591 0.197999253607802
1.533331800000000 1.616468970940065 0.474373766573489 0.228397406091207
1.566665100000000 1.684891756770355 0.488575723912495 0.263035116259905
1.599998400000000 1.735843163405767 0.493818854334556 0.295628327955514
1.633331700000000 1.762678664050432 0.488830261751246 0.319216064946523
1.666665000000000 1.774931564447275 0.480630418887559 0.333663149655728
1.699998300000000 1.784904544159505 0.473743874849408 0.346574513917978
