0.000000000000000 0.838988000000000 0.688552000000000 0.013518000000000
0.033333300000000 0.238058169471575 0.416374399041733 -0.903669911889647
0.066666600000000 0.251989808738855 0.421218790662171 -0.886770108939316
0.099999900000000 0.274074428740811 0.428788872783836 -0.865248849888707
0.133333200000000 0.293289020186516 0.439124492923724 -0.847596945912478
0.166666500000000 0.306989787587973 0.445851166403111 -0.830531946455852
0.199999800000000 0.317740195075579 0.446130072074048 -0.810754538883291
0.233333100000000 0.333708448846063 0.443524321390309 -0.786594675865667
0.266666400000000 0.364742439252790 0.444475342894321 -0.758633179680107
0.299999700000000 0.410002802852729 0.452134214681323 -0.731078344620479
0.333333000000000 0.453443231089957 0.460714848406922 -0.706043299878067
0.366666300000000 0.485671732320087 0.462449072634524 -0.681056246089864
0.399999600000000 0.518423275256511 0.459707734582986 -0.653194668189707
0.433332900000000 0.566533128277576 0.459664841768406 -0.620715955160687
0.466666200000000 0.624700787709658 0.463356317358131 -0.585031503695781
0.499999500000000 0.675107183484368 0.466417894559375 -0.552290105635799
0.533332800000000 0.714937216107246 0.466473019156648 -0.522893723307630
0.566666100000000 0.753312216360332 0.464618680155807 -0.492084918551671
0.599999400000000 0.784614861720249 0.460856491097190 -0.463571210802933
0.633332700000000 0.799462875044960 0.455775797307279 -0.444241032178517
0.666666000000000 0.804700856218565 0.451767651191890 -0.432345121385579
0.699999300000000 0.811841371206502 0.452003131815074 -0.423738222018163
0.733332600000000 0.825176370776244 0.460342224717498 -0.417467534676093
0.766665900000000 0.841508236411051 0.474070747557463 -0.411861509702556
0.799999200000000 0.851838230922564 0.482627602780446 -0.404267730604878
0.833332500000000 0.854420361964847 0.482988175771641 -0.396014063190096
0.866665800000000 0.853032170788792 0.479577600131711 -0.389977413339225
0.899999100000000 0.847997461520482 0.475839008535657 -0.385016401448229
0.933332400000000 0.846311907819622 0.474531166184109 -0.374670353259885
0.966665700000000 0.857765013613699 0.477715138201472 -0.358175475593380
0.999999000000000 0.878169051646014 0.484577800916676 -0.340123509555892
1.033332300000000 0.902349837050247 0.491760171319552 -0.319064259709071
1.066665600000000 0.933318558231123 0.493653290174199 -0.289722714951148
1.099998900000000 0.974131207620513 0.487079342461954 -0.250269269863033
1.133332200000000 1.021393885927440 0.477033499699118 -0.204605108907844
1.166665500000000 1.066296684050453 0.470769865428352 -0.160398046200051
1.199998800000000 1.107124142151280 0.471594978026666 -0.123245607771607
1.233332100000000 1.148579988740996 0.477049790764338 -0.091334033623515
1.266665400000000 1.194107991146571 0.479618908137038 -0.056318459554001
1.299998700000000 1.240447103313199 0.478141038073263 -0.016942453259452
1.333332000000000 1.286081654595343 0.476442249957120 0.024185496937527
1.366665300000000 1.332909584269145 0.477644266172919 0.064507768831270
1.399998600000000 1.379793751865131 0.480084124253198 0.101052678263670
1.433331900000000 1.425940964453369 0.478851403616445 0.134231965243550
1.466665200000000 1.473655088733182 0.474981213774030 0.165113425522449
1.499998500000000 1.530008380772449 0.477769811067366 0.193230743774310
1.533331800000000 1.598109259210181 0.490215274216891 0.223294260250888
1.566665100000000 1.666278441419506 0.503934704308592 0.257402917413791
1.599998400000000 1.717374618890405 0.509182601755668 0.289550020598684
1.633331700000000 1.744681611157703 0.504715648057260 0.313064964225105
1.666665000000000 1.757777210421180 0.497519166796482 0.327783284971546
1.699998300000000 1.768812051304658 0.491729936886831 0.340952326698364
