0.000000000000000 0.829254000000000 0.721925000000000 -0.016171000000000
0.033333300000000 0.208709053665853 0.445791888186477 -0.922727385016869
0.066666600000000 0.223070535365707 0.451632133973756 -0.904898748995660
0.099999900000000 0.245162961323561 0.459630582721889 -0.882651768992472
0.133333200000000 0.263939638861465 0.470103436172617 -0.863994098020903
0.166666500000000 0.276964745042665 0.476748880233816 -0.845821675244699
0.199999800000000 0.287033634124898 0.476828885530324 -0.825059521385861
0.233333100000000 0.302326358108374 0.473848056216247 -0.800217529837573
0.266666400000000 0.332139645508976 0.473665875220965 -0.771858934999526
0.299999700000000 0.375341094430853 0.479081861026876 -0.743819335383528
0.333333000000000 0.416532269894979 0.484940130085621 -0.717903370588250
0.366666300000000 0.446978445759707 0.484285616527824 -0.691823665739330
0.399999600000000 0.478372421118201 0.479377671398014 -0.663142691113267
0.433332900000000 0.525319655765151 0.476854922261298 -0.630508627741361
0.466666200000000 0.582662968204650 0.478125900072597 -0.595259559340510
0.499999500000000 0.632806343680890 0.479948829164236 -0.563130025599746
0.533332800000000 0.672845621608832 0.480056290999219 -0.534458062167992
0.566666100000000 0.711562020255143 0.478487812075180 -0.504515542935548
0.599999400000000 0.743174503889496 0.475079568052068 -0.476622604321220
0.633332700000000 0.758546975400571 0.471229160790441 -0.457545912137067
0.666666000000000 0.764693621135559 0.469298930236659 -0.445836752735213
0.699999300000000 0.772864440693009 0.471602443929428 -0.437398690574943
0.733332600000000 0.787042773845095 0.481514370329310 -0.431160946482062
0.766665900000000 0.804145535897737 0.496616629449401 -0.425487011017261
0.799999200000000 0.815582740767141 0.506997014914354 -0.417744143545645
0.833332500000000 0.819736848712749 0.509720949782509 -0.409142800562843
0.866665800000000 0.820108675825633 0.508761501934747 -0.402398599871673
0.899999100000000 0.816628709812351 0.507111858908246 -0.396328206694852
0.933332400000000 0.816091760207357 0.507275671880087 -0.384892023619040
0.966665700000000 0.828408388991497 0.511446313082626 -0.367680265855565
0.999999000000000 0.849509535064088 0.519058906986810 -0.349046843920658
1.033332300000000 0.874109431164506 0.526725900601479 -0.327420207123436
1.066665600000000 0.905230825144492 0.528795265623864 -0.297850778530461
1.099998900000000 0.945837394804359 0.521971476014733 -0.258751360675422
1.133332200000000 0.992262106088840 0.511057209011543 -0.213752255510592
1.166665500000000 1.035796626623620 0.503457795047353 -0.169947519812419
1.199998800000000 1.075109027107148 0.502827621732808 -0.132705826099489
1.233332100000000 1.114844764525186 0.506556124821802 -0.100348380657834
1.266665400000000 1.158304386574598 0.506726894953289 -0.064874366426145
1.299998700000000 1.202602327414617 0.502474484627768 -0.025042283118393
1.333332000000000 1.246500129254390 0.498013110684616 0.016572886845238
1.366665300000000 1.291847393692508 0.496438395915339 0.057392940364131
1.399998600000000 1.337627972323541 0.496422110736274 0.094339942221438
1.433331900000000 1.382994835706936 0.493131615581949 0.127778351149816
1.466665200000000 1.429995533484683 0.487057766046918 0.158953581071551
1.499998500000000 1.485738383917058 0.487405928032702 0.187126873342038
1.533331800000000 1.553545740174305 0.497733198111607 0.216401071923984
1.566665100000000 1.621781562702462 0.510255738854621 0.249035306481838
1.599998400000000 1.673143493875240 0.515472545056668 0.279854903407623
1.633331700000000 1.700776573416934 0.512198419308228 0.302754755624534
1.666665000000000 1.714401858194159 0.507362854595769 0.317218104914045
1.699998300000000 1.726251281673177 0.504276817286261 0.329947628942015
