0.000000000000000 -0.146393000000000 1.691718000000000 -0.066419000000000
0.033333300000000 -0.290114369279743 1.670190330636206 -0.539407623026410
0.066666600000000 -0.250483923640962 1.675176333584776 -0.488249950809877
0.099999900000000 -0.217853676424657 1.679231198192563 -0.443219952147587
0.133333200000000 -0.192220798852011 1.683094484991834 -0.399795043267313
0.166666500000000 -0.170697926146009 1.684806315028410 -0.360944619748828
0.199999800000000 -0.149691319418370 1.683891645028521 -0.327886339358304
0.233333100000000 -0.129224869685312 1.681579220128625 -0.300158169147916
0.266666400000000 -0.121077507734053 1.676202424267768 -0.278492548671004
0.299999700000000 -0.132732163762405 1.663293242937176 -0.259654737469535
0.333333000000000 -0.151869038685056 1.643302362524570 -0.238291773746016
0.366666300000000 -0.164238198059591 1.621773121880393 -0.214909786731033
0.399999600000000 -0.170447261554272 1.599348682460405 -0.194518800103410
0.433332900000000 -0.175703576530256 1.573483398139787 -0.182309115015864
0.466666200000000 -0.174193624587438 1.549076113109883 -0.176757214515563
0.499999500000000 -0.154847722471847 1.537696644708724 -0.168565841961218
0.533332800000000 -0.118800596445203 1.540738801245737 -0.156094114965946
0.566666100000000 -0.079645008388157 1.545711486720278 -0.144049923683066
0.599999400000000 -0.043452728645703 1.550011940100927 -0.129277745194269
0.633332700000000 -0.001796307371937 1.564278615893693 -0.108215911631189
0.666666000000000 0.049236560696636 1.588188242616205 -0.083734157099125
0.699999300000000 0.100350014382651 1.611013639195501 -0.057429126370048
0.733332600000000 0.142759347207983 1.629332891643799 -0.028269018346608
0.766665900000000 0.181093691970192 1.646534103515202 0.003938948804685
0.799999200000000 0.228208692182843 1.664969347504340 0.039423434718642
0.833332500000000 0.287935416613790 1.681548157596700 0.079650222145555
0.866665800000000 0.351835574465346 1.690695270120845 0.125487051357893
0.899999100000000 0.409145580247501 1.691349927114705 0.175028155170871
0.933332400000000 0.456733167363959 1.689199912921061 0.222419165804938
0.966665700000000 0.500272475349256 1.689317517324160 0.264661921064437
0.999999000000000 0.542900849328565 1.690814958544616 0.305085606224342
1.033332300000000 0.581718677145808 1.691328109413273 0.345721483129865
1.066665600000000 0.616854796016205 1.689583300770866 0.383560107973243
1.099998900000000 0.645900313573339 1.684824795064034 0.414093570190827
1.133332200000000 0.662128502167876 1.677800336797370 0.437886142082256
1.166665500000000 0.668009042397457 1.670694934297995 0.460290648626170
1.199998800000000 0.672503590548230 1.665301882979998 0.484929079989336
1.233332100000000 0.674326174539077 1.658820272504965 0.510504371899365
1.266665400000000 0.667718301591029 1.646288844048817 0.531476400486151
1.299998700000000 0.658633590965815 1.629191286466765 0.548993965241891
1.333332000000000 0.651997514560839 1.611077253608755 0.566632263645916
1.366665300000000 0.645347617171771 1.590789209094721 0.585923670826812
1.399998600000000 0.643411950187087 1.568912097857355 0.606921387969540
1.433331900000000 0.647738338550485 1.543903776557123 0.627964457409183
1.466665200000000 0.651078052225620 1.510873377484828 0.648851063154457
1.499998500000000 0.654894605340884 1.474021494932563 0.667958165703645
1.533331800000000 0.668472733849924 1.444110619015630 0.681079469965233
1.566665100000000 0.695176546770021 1.428321801730902 0.688885555550409
1.599998400000000 0.730942114280120 1.427592970389789 0.698427661964118
1.633331700000000 0.773758150889705 1.440661371769691 0.719292608842786
1.666665000000000 0.826965210448056 1.466296414904741 0.750592171577009
1.699998300000000 0.883924676068767 1.496138652006118 0.778953626263742
