0.000000000000000 -0.023161000000000 1.355043000000000 1.036901000000000
0.033333300000000 0.633853115686540 1.007986721598923 0.424511265962624
0.066666600000000 0.661464373328448 1.015480898332148 0.460129594417610
0.099999900000000 0.687015577585245 1.023261430812640 0.495501046847671
0.133333200000000 0.711977545098254 1.029880836602577 0.526952133604155
0.166666500000000 0.733791781544051 1.033853630375457 0.554497369732527
0.199999800000000 0.755321977193685 1.034931529160144 0.578806147144686
0.233333100000000 0.780791512118058 1.037918351721670 0.602424835965216
0.266666400000000 0.809655204498404 1.043858905432731 0.628177641369962
0.299999700000000 0.837018272755407 1.049598192718946 0.656962706972578
0.333333000000000 0.860573008134462 1.053634615384597 0.685751872943916
0.366666300000000 0.882827272857188 1.055579857402266 0.711681995503746
0.399999600000000 0.906720131546504 1.055934833015652 0.736608719551574
0.433332900000000 0.933969785461832 1.056592824516893 0.762658493799873
0.466666200000000 0.965990685363366 1.060552529383490 0.788393594960878
0.499999500000000 1.002925405890236 1.071406889370261 0.812332101234341
0.533332800000000 1.039918469939878 1.086486759497617 0.837013050706105
0.566666100000000 1.067623986179756 1.096987344139455 0.867582157683481
0.599999400000000 1.084142346212984 1.100354291545014 0.903052284067555
0.633332700000000 1.098716694567060 1.101715802784152 0.936102492599083
0.666666000000000 1.117595530337202 1.104986826406850 0.964192698684293
0.699999300000000 1.140566346049604 1.109874248563932 0.989227440246542
0.733332600000000 1.169226553593130 1.114195125027387 1.010837585434883
0.766665900000000 1.201755967151764 1.116291834406094 1.030395264137042
0.799999200000000 1.230342940439778 1.115243354693272 1.052857425159081
0.833332500000000 1.253745540863332 1.111627942063494 1.079082311376347
0.866665800000000 1.279921045792947 1.107617153267212 1.103923220606883
0.899999100000000 1.315486738021256 1.102429782206615 1.123011641118509
0.933332400000000 1.356340705132736 1.091896841947744 1.139648614633065
0.966665700000000 1.391817549984853 1.075586473405242 1.161874670159392
0.999999000000000 1.419115124382398 1.060610961980411 1.192083925819846
1.033332300000000 1.441432529989023 1.055840077028074 1.228907216340144
1.066665600000000 1.459322922824931 1.064733168882423 1.271896467071909
1.099998900000000 1.477539940702653 1.083887639038475 1.314942600676730
1.133332200000000 1.503024622179635 1.101310580616996 1.349727582480694
1.166665500000000 1.535656376498967 1.108709512047917 1.375225175262895
1.199998800000000 1.568397323643523 1.115268347407775 1.397966879447363
1.233332100000000 1.599961236524125 1.136189038820906 1.419767738134255
1.266665400000000 1.629299405922489 1.168334681753567 1.439996650859816
1.299998700000000 1.656592572223418 1.191372536263870 1.460028732666709
1.333332000000000 1.683933150178557 1.203360700757713 1.480736865048236
1.366665300000000 1.712577483270787 1.215529699437619 1.501026395154792
1.399998600000000 1.742684365649260 1.224746629572174 1.521217922683924
1.433331900000000 1.774337134756413 1.222934971918389 1.541289338081889
1.466665200000000 1.807320771472831 1.212190038404201 1.560636513609209
1.499998500000000 1.840110880409829 1.200228508232720 1.581790204565862
1.533331800000000 1.873707592359585 1.192900954597690 1.605447371107595
1.566665100000000 1.913003581779770 1.192546320309106 1.626523694628089
1.599998400000000 1.956924806746917 1.198610270446285 1.643963857687576
1.633331700000000 1.996128460519407 1.205685715243549 1.664469933060782
1.666665000000000 2.028200426590683 1.211538481806975 1.689810879166446
1.699998300000000 2.054295791884507 1.225940667509033 1.717983004460604
