0.000000000000000 -0.146811000000000 0.797016000000000 0.996154000000000
0.033333300000000 0.595804656066586 1.014505888913548 0.306038186901222
0.066666600000000 0.628499360982813 0.982660150127406 0.334770624792091
0.099999900000000 0.664612648241437 0.969523865225429 0.361218901982646
0.133333200000000 0.708987715448000 0.965850513143031 0.376695422735442
0.166666500000000 0.758707341699078 0.968664053328495 0.382627336622974
0.199999800000000 0.809040825866718 0.974654689241534 0.384412020373522
0.233333100000000 0.856560453181604 0.986331940126057 0.388617311328129
0.266666400000000 0.902447869112463 1.020517353574367 0.393836323806245
0.299999700000000 0.947942191649287 1.082982164277044 0.392215812779163
0.333333000000000 0.991270478699010 1.153305085494320 0.380325988814085
0.366666300000000 1.030388981931438 1.211862960990736 0.363357267031754
0.399999600000000 1.061739090883699 1.262736329741114 0.351340428234612
0.433332900000000 1.081526628187488 1.319640779529936 0.351066253182586
0.466666200000000 1.094107045396930 1.375049795107989 0.362391699391570
0.499999500000000 1.112331553307485 1.404535376388586 0.384677306264074
0.533332800000000 1.139014267650304 1.406762422862330 0.417931561770474
0.566666100000000 1.165397895867350 1.403638722275428 0.455313733287027
0.599999400000000 1.191525787834621 1.397770645015415 0.488139406592417
0.633332700000000 1.222806263020873 1.373378240548402 0.519047043019095
0.666666000000000 1.255704333511628 1.330235576168745 0.554583164024227
0.699999300000000 1.283505114000253 1.284432764762524 0.592987851254038
0.733332600000000 1.304398508665643 1.247870895717744 0.630999200613964
0.766665900000000 1.321452500806202 1.215196573682397 0.669583675277026
0.799999200000000 1.339926209398407 1.169518905666404 0.708875633415726
0.833332500000000 1.360852523608091 1.104437884305781 0.746992588123412
0.866665800000000 1.381903901624705 1.027452366190645 0.780178823500372
0.899999100000000 1.403132174825846 0.952479561973116 0.804007054885621
0.933332400000000 1.425281199434886 0.895671346704179 0.823900960135423
0.966665700000000 1.447921975334701 0.858258246229977 0.848489067540808
0.999999000000000 1.472362429543237 0.830126308553453 0.875058870197427
1.033332300000000 1.500709415597181 0.810313012257214 0.901438717954105
1.066665600000000 1.531610650972377 0.800727724421695 0.933751632874695
1.099998900000000 1.564143741309602 0.805836170173343 0.974237505000644
1.133332200000000 1.600669795927506 0.831906814542237 1.015084213210764
1.166665500000000 1.643945683759586 0.873722295495574 1.045043167235033
1.199998800000000 1.692399707561188 0.919724664788472 1.062406102540862
1.233332100000000 1.744795548477176 0.972597332387523 1.069741810091303
1.266665400000000 1.797525050313122 1.043236886317593 1.069452498675342
1.299998700000000 1.845741651125062 1.123250551989572 1.063145354681617
1.333332000000000 1.886208058520529 1.201705847021914 1.055193970499004
1.366665300000000 1.916677526428443 1.276785595883293 1.049254324200226
1.399998600000000 1.939313338276270 1.337397090418427 1.050310263918099
1.433331900000000 1.958484303991851 1.380301917682753 1.057769843777692
1.466665200000000 1.973303690384453 1.418682622814286 1.064511322077649
1.499998500000000 1.981825792680592 1.458213752592505 1.078515059695628
1.533331800000000 1.987240145095351 1.491646964737680 1.114837516482851
1.566665100000000 1.996569681720919 1.509557896186002 1.167769496727555
1.599998400000000 2.016589808248513 1.507718726217909 1.218276766657218
1.633331700000000 2.052275461287135 1.482676472235063 1.260754927202989
1.666665000000000 2.099304041936446 1.432241637170336 1.306962007784554
1.699998300000000 2.141380113513994 1.374365403947293 1.356474467332645
