0.000000000000000 -0.096442000000000 1.900176000000000 0.020250000000000
0.033333300000000 -0.470260444920399 1.818319225487459 -0.638606737307486
0.066666600000000 -0.413990364595502 1.840080954219713 -0.570387886911958
0.099999900000000 -0.348594139032536 1.867743569538835 -0.491728143070341
0.133333200000000 -0.284167595277128 1.893247464274071 -0.415875443628838
0.166666500000000 -0.228848264829869 1.911591823615300 -0.358944065875891
0.199999800000000 -0.175319366174808 1.924834131188360 -0.315035080952974
0.233333100000000 -0.107872347337664 1.937675779529632 -0.260090669665892
0.266666400000000 -0.022393322921518 1.948451311889570 -0.180840070465217
0.299999700000000 0.064184163537329 1.950368053397223 -0.089081070655615
0.333333000000000 0.133448699196647 1.944546853642952 -0.009154708786391
0.366666300000000 0.184548460291808 1.937111323122550 0.046930503154383
0.399999600000000 0.230273791857485 1.928966474980410 0.088931404819827
0.433332900000000 0.280808360564951 1.919840810004247 0.125648116269712
0.466666200000000 0.332271314088356 1.913058040313998 0.153432291639716
0.499999500000000 0.377085794873776 1.911117517888106 0.172532300596707
0.533332800000000 0.407292518154278 1.914964547077193 0.178289134458122
0.566666100000000 0.410520947709230 1.922463073502642 0.159361128079627
0.599999400000000 0.385280222266861 1.927172341793131 0.120855655917905
0.633332700000000 0.348017613921369 1.926302963043622 0.079126432203316
0.666666000000000 0.313294563181165 1.919934243641976 0.042605384270895
0.699999300000000 0.283096122637070 1.906815008915578 0.013060937870382
0.733332600000000 0.258091305110071 1.889370243140818 -0.003934694834278
0.766665900000000 0.244422707148757 1.874275495291461 -0.003516915511540
0.799999200000000 0.245598437762577 1.865696470098298 0.011202123925728
0.833332500000000 0.263264164002444 1.863559739747437 0.036874905419168
0.866665800000000 0.296358455830242 1.863412535007977 0.071515257616183
0.899999100000000 0.333299947264311 1.859445186984685 0.110516413329266
0.933332400000000 0.358721158708290 1.850848373348009 0.145278643165460
0.966665700000000 0.367816012242521 1.839490780163646 0.170276092021476
0.999999000000000 0.370493789840090 1.827534290184161 0.191861074054012
1.033332300000000 0.379309183986702 1.819411903145633 0.221525097782734
1.066665600000000 0.401308388689746 1.818417014858361 0.263079849744795
1.099998900000000 0.440095809881560 1.825207605666672 0.317016185811990
1.133332200000000 0.492080579553380 1.837993627971624 0.382218010754617
1.166665500000000 0.550770712870931 1.854280337706462 0.450451683600486
1.199998800000000 0.620777713572182 1.874876959766179 0.521895202548732
1.233332100000000 0.706052461061293 1.896773554799015 0.604406841896543
1.266665400000000 0.796461621834801 1.912764676090305 0.688413005706523
1.299998700000000 0.881612369348876 1.922001381068898 0.756940102542830
1.333332000000000 0.961104270643999 1.927029733970655 0.816512991001913
1.366665300000000 1.037758838587197 1.926437857391361 0.882544592944090
1.399998600000000 1.111498243621182 1.917927905112064 0.950761494838413
1.433331900000000 1.178675140157892 1.901766355436225 1.009429633398367
1.466665200000000 1.234444045711713 1.881281766545095 1.055261310425587
1.499998500000000 1.278043388383624 1.863478428593385 1.088610583884087
1.533331800000000 1.313185644960937 1.854159940299803 1.109130261025839
1.566665100000000 1.342167440844611 1.854609752419459 1.114982955139915
1.599998400000000 1.358561648079681 1.862944274556668 1.106600537811166
1.633331700000000 1.351681650756910 1.874841383754006 1.086314098919113
1.666665000000000 1.325639702728422 1.884983586498556 1.050396198874206
1.699998300000000 1.297404281092221 1.889311066134473 0.990885563667388
