0.000000000000000 -0.170866000000000 1.678946000000000 -0.016425000000000
0.033333300000000 -0.259667167075515 1.674872846908264 -0.491319201262231
0.066666600000000 -0.219648355070807 1.678110873531343 -0.440270732489118
0.099999900000000 -0.186573940035385 1.681268204161483 -0.395482349544384
0.133333200000000 -0.159922896863630 1.684627984419673 -0.352721229718553
0.166666500000000 -0.136922408365300 1.686280821871328 -0.314917559842889
0.199999800000000 -0.114327474593012 1.685669526923634 -0.283079044347794
0.233333100000000 -0.092535499250821 1.684031373241336 -0.256462321912964
0.266666400000000 -0.083332027044779 1.680395924491359 -0.235841103263038
0.299999700000000 -0.094005956010533 1.670591055884494 -0.218321040268574
0.333333000000000 -0.112114382127831 1.654195167735605 -0.198765000216527
0.366666300000000 -0.123480175699317 1.635871605547759 -0.177473610461970
0.399999600000000 -0.129159298443602 1.616395574278026 -0.158935618938201
0.433332900000000 -0.134835827285251 1.593754003505619 -0.147952461205053
0.466666200000000 -0.134445733543436 1.572359519261482 -0.143001624407084
0.499999500000000 -0.116021724950740 1.562512455583781 -0.134829054414483
0.533332800000000 -0.080470151779530 1.565584783524623 -0.121817163983443
0.566666100000000 -0.041826166235600 1.570343334412667 -0.109057628192684
0.599999400000000 -0.005919069038762 1.574362870990167 -0.093785325496880
0.633332700000000 0.036053415628259 1.587304833753563 -0.072179214709805
0.666666000000000 0.087593807203729 1.608777757836353 -0.046771448850278
0.699999300000000 0.138926079463421 1.628958177087695 -0.019332745474055
0.733332600000000 0.181207981388041 1.644968313215030 0.010957137752146
0.766665900000000 0.219223346278049 1.659933878874987 0.044287703761287
0.799999200000000 0.266096184075618 1.675601463931141 0.080811208557275
0.833332500000000 0.325677506867468 1.688712204056675 0.121907284292394
0.866665800000000 0.389455701922337 1.694065455428861 0.168321845930359
0.899999100000000 0.446846049173011 1.691207939895396 0.217924614412518
0.933332400000000 0.494623919428960 1.686408607496423 0.265056605771838
0.966665700000000 0.538090477051942 1.684639934543932 0.307198619520591
0.999999000000000 0.580501173492667 1.684574436151777 0.347614713828752
1.033332300000000 0.619241692669829 1.683943216006673 0.388135377131209
1.066665600000000 0.654299803285163 1.681731589757481 0.425959091614245
1.099998900000000 0.683188061876618 1.677496978922167 0.456724294675713
1.133332200000000 0.699494117920958 1.672154271120047 0.480704190865534
1.166665500000000 0.705995049240936 1.667399919038936 0.502807208830092
1.199998800000000 0.711463118007097 1.664338931947421 0.526674517320280
1.233332100000000 0.714448030210567 1.660423046226430 0.551113737258142
1.266665400000000 0.709027020913828 1.651495760737545 0.570565139737067
1.299998700000000 0.700916812936637 1.638615259060392 0.586206458132522
1.333332000000000 0.694863808854909 1.624636834188556 0.601846834746217
1.366665300000000 0.688303529032212 1.608276642286979 0.619246827688957
1.399998600000000 0.686029514277773 1.589638977909669 0.638789760079643
1.433331900000000 0.689788230845045 1.567193998248820 0.658799889764601
1.466665200000000 0.692327732246312 1.536747128551994 0.678691717652688
1.499998500000000 0.694813682389682 1.502447353914347 0.697282039556189
1.533331800000000 0.706475714622335 1.474421586106318 0.711053953079501
1.566665100000000 0.731271357345992 1.459469633299781 0.720324846048790
1.599998400000000 0.765960883863549 1.458553126304562 0.731239365812970
1.633331700000000 0.808960387420578 1.470310782407523 0.753103357740936
1.666665000000000 0.863103390692320 1.493265331284683 0.785637291066213
1.699998300000000 0.920781375160561 1.519942018029926 0.815510913239632
