0.000000000000000 0.834350000000000 0.687859000000000 -0.042007000000000
0.033333300000000 0.187731001197710 0.408351471889461 -0.926204900062978
0.066666600000000 0.201379416237452 0.414681074416775 -0.909150085762956
0.099999900000000 0.223230212808817 0.422866301856057 -0.887267155588125
0.133333200000000 0.241994934334336 0.433343287692756 -0.868585308933896
0.166666500000000 0.255083809825628 0.439890766559444 -0.849903576895512
0.199999800000000 0.265217770355157 0.439846483661680 -0.828273908632253
0.233333100000000 0.280733673514155 0.436663398096333 -0.802457142840420
0.266666400000000 0.311589217229528 0.435844917674225 -0.772960346617627
0.299999700000000 0.357036673691564 0.440109740939490 -0.743528970648292
0.333333000000000 0.400972208330079 0.444836205445836 -0.716027156159420
0.366666300000000 0.433791656376435 0.443448767854416 -0.688299383849147
0.399999600000000 0.467305376387206 0.438074346304014 -0.658090971273124
0.433332900000000 0.516592190630466 0.435180872354016 -0.624100467808700
0.466666200000000 0.576089329698241 0.436249098104495 -0.587703912768307
0.499999500000000 0.627225559393116 0.438041895325182 -0.554967736260669
0.533332800000000 0.667044417420934 0.438188188563581 -0.526250069632874
0.566666100000000 0.705288584423872 0.436679957730853 -0.496348189935583
0.599999400000000 0.736406972237957 0.433344146519998 -0.468479084934547
0.633332700000000 0.750573420537122 0.429627697738957 -0.449819122426027
0.666666000000000 0.754773304172560 0.427951749751393 -0.439057748601814
0.699999300000000 0.761053114127719 0.430567562948575 -0.431867565031714
0.733332600000000 0.773911332670388 0.440715191725910 -0.427043144373553
0.766665900000000 0.789954791583685 0.456045580093139 -0.422922819518326
0.799999200000000 0.799853128837582 0.466927399750692 -0.416760515787067
0.833332500000000 0.801874568540768 0.470548180035694 -0.409769171406413
0.866665800000000 0.800009501458223 0.470750265720564 -0.404663856061160
0.899999100000000 0.794606203356639 0.470291992890928 -0.399970367796636
0.933332400000000 0.792671771578799 0.471431830232306 -0.389440146633308
0.966665700000000 0.804057591496948 0.476330610165507 -0.372961036444793
0.999999000000000 0.824485998498407 0.484539203547058 -0.355061554278243
1.033332300000000 0.848669902195251 0.492613739041302 -0.333989169561655
1.066665600000000 0.879659297268979 0.494837133963500 -0.304699334892881
1.099998900000000 0.920540198900333 0.487792124634262 -0.265517635885619
1.133332200000000 0.967834809844889 0.476146147945001 -0.219956163338943
1.166665500000000 1.012657591495197 0.467519072408656 -0.175139044640524
1.199998800000000 1.053372217462644 0.465883199083296 -0.136777905031827
1.233332100000000 1.094805214123051 0.468553943768166 -0.103213051259765
1.266665400000000 1.140595211545249 0.467496892146381 -0.066037303402609
1.299998700000000 1.187551554841267 0.462144142804781 -0.024096275051563
1.333332000000000 1.234099092028798 0.456893943383867 0.019636451609930
1.366665300000000 1.282141251117209 0.454779318893114 0.062319748346036
1.399998600000000 1.330315450164523 0.454457414054378 0.100621071976241
1.433331900000000 1.377671425834980 0.451022515425446 0.135020337240484
1.466665200000000 1.426795875568109 0.444890316197714 0.167054799104937
1.499998500000000 1.484842469233736 0.445233116335560 0.195764683159208
1.533331800000000 1.554501695498261 0.455571617661498 0.225087117992846
1.566665100000000 1.623625617861705 0.468077413953585 0.257493961050523
1.599998400000000 1.674831968355430 0.473227601663049 0.288008003180839
1.633331700000000 1.701329030233728 0.469814947604927 0.310324206452765
1.666665000000000 1.712870416316192 0.464800962110732 0.323550575247308
1.699998300000000 1.722284862434057 0.461682215367281 0.334839056892987
