0.000000000000000 -0.155223000000000 1.664823000000000 0.017701000000000
0.033333300000000 -0.222829976362300 1.661947483303842 -0.482115823554510
0.066666600000000 -0.182999301984037 1.664287084523461 -0.431639577497166
0.099999900000000 -0.149926233791629 1.667116711352932 -0.387393560084505
0.133333200000000 -0.123077538923978 1.670470850551757 -0.345597830766166
0.166666500000000 -0.099792377741824 1.672293300188829 -0.309047490271632
0.199999800000000 -0.076940743847036 1.671891267247665 -0.278481592630927
0.233333100000000 -0.054912481360121 1.670597305030901 -0.252887133271345
0.266666400000000 -0.045251724035372 1.668107416799125 -0.233078829943036
0.299999700000000 -0.055199272142052 1.660610411734565 -0.216539341213268
0.333333000000000 -0.072674051397911 1.646910819491276 -0.198384163545598
0.366666300000000 -0.083713652408299 1.630782606729857 -0.178686713851366
0.399999600000000 -0.089258172780716 1.613167286913280 -0.161430096460155
0.433332900000000 -0.094863432772702 1.592604616096483 -0.151056363143951
0.466666200000000 -0.094465266635085 1.573185643313488 -0.146104255762035
0.499999500000000 -0.076047623752087 1.564308509393139 -0.137584596307214
0.533332800000000 -0.040453142138618 1.567288424246556 -0.123933918634403
0.566666100000000 -0.001763310904998 1.571748625483969 -0.110375111432913
0.599999400000000 0.034169640049029 1.575404904583499 -0.094529372490585
0.633332700000000 0.076160849124292 1.587261063105756 -0.072551177553711
0.666666000000000 0.127660912013420 1.606944471649485 -0.046648993363527
0.699999300000000 0.178868637045766 1.625376067046823 -0.018621512933363
0.733332600000000 0.221007051034184 1.640148410493792 0.012200793509010
0.766665900000000 0.258865619865137 1.654086717175937 0.046033716284740
0.799999200000000 0.305457385820571 1.668211177290381 0.083007997714190
0.833332500000000 0.364547762108845 1.679138607723980 0.124396471922896
0.866665800000000 0.427674102303151 1.682150155622242 0.170796906513370
0.899999100000000 0.484399548497315 1.677262575383348 0.219926609189278
0.933332400000000 0.531632196135663 1.671005382468109 0.266425742714102
0.966665700000000 0.574683668433434 1.668249129111858 0.308211682107696
0.999999000000000 0.616761216862432 1.667447299952162 0.348399378567868
1.033332300000000 0.655291846267422 1.666368108563785 0.388633852768420
1.066665600000000 0.690277162466024 1.664005626946883 0.426366918548927
1.099998900000000 0.719286931162047 1.660028830429360 0.457418492419431
1.133332200000000 0.736013432962249 1.655602800533965 0.481769745629770
1.166665500000000 0.743128219442113 1.652272493062288 0.503824627176727
1.199998800000000 0.749202634117413 1.650765479530390 0.527159802549683
1.233332100000000 0.752795776916334 1.648674010001862 0.550717044806294
1.266665400000000 0.747998609014858 1.642125443517328 0.569095842987262
1.299998700000000 0.740350852441895 1.631791718782560 0.583533959445028
1.333332000000000 0.734536060606291 1.620185981612836 0.597967610426671
1.366665300000000 0.728044481318327 1.606130276723451 0.614267358587581
1.399998600000000 0.725716740073671 1.589500737656464 0.632988873550068
1.433331900000000 0.729361686646116 1.568717948259287 0.652446496155989
1.466665200000000 0.731701762046881 1.540043328080636 0.671794813713166
1.499998500000000 0.733925556969244 1.507765685400486 0.690160026422522
1.533331800000000 0.745410013668000 1.481586758293094 0.704609840060906
1.566665100000000 0.770185661594895 1.467762089706930 0.715259419555460
1.599998400000000 0.804992528967073 1.466978420346717 0.727458798677652
1.633331700000000 0.848237452192994 1.477851119074372 0.750069884514748
1.666665000000000 0.902725477379713 1.499023514153471 0.783254125095637
1.699998300000000 0.960696972847850 1.523587140212757 0.814026113084957
