0.000000000000000 0.838640000000000 0.816240000000000 -0.018418000000000
0.033333300000000 0.214846922337741 0.529444103938021 -0.966921297383152
0.066666600000000 0.230477223394358 0.536221443586175 -0.947068069710207
0.099999900000000 0.252660423474852 0.544810865050063 -0.923597743077630
0.133333200000000 0.270360730844172 0.555794875956321 -0.904046715798692
0.166666500000000 0.281640266783600 0.562677005768344 -0.885608132788449
0.199999800000000 0.289854083325675 0.562669042971693 -0.865208921083713
0.233333100000000 0.303209630905258 0.559357984937708 -0.841153300333417
0.266666400000000 0.329444688411512 0.558511271615197 -0.814078181237571
0.299999700000000 0.366340807647753 0.562708116990986 -0.787569869373162
0.333333000000000 0.400072331868028 0.566691360147677 -0.763006275744012
0.366666300000000 0.424010640163477 0.563795117683453 -0.738074946709999
0.399999600000000 0.450012307821705 0.556397585218849 -0.710599005393941
0.433332900000000 0.492065256057680 0.550824631764715 -0.679611502244911
0.466666200000000 0.545673642235420 0.548909808950530 -0.646346741064285
0.499999500000000 0.594516954329032 0.548956509823663 -0.615668914065758
0.533332800000000 0.635555258463867 0.548970001923190 -0.587832159424076
0.566666100000000 0.675858101720084 0.547567204080424 -0.558753288384890
0.599999400000000 0.708878100881256 0.544383432341422 -0.531478686762744
0.633332700000000 0.726655731902890 0.541891467096119 -0.512119341421928
0.666666000000000 0.736707373891140 0.542385372291772 -0.499349438115828
0.699999300000000 0.748976912392406 0.547184840838957 -0.489409769608448
0.733332600000000 0.766320855057028 0.559280598724243 -0.481275622169258
0.766665900000000 0.786198611800522 0.576450535357007 -0.473371391264763
0.799999200000000 0.801453645534421 0.588968064783510 -0.463236788274042
0.833332500000000 0.810730661062688 0.593828941563951 -0.451958601281826
0.866665800000000 0.816481248649641 0.594785162447936 -0.442087851277129
0.899999100000000 0.817463992884906 0.594607873427542 -0.432827729051989
0.933332400000000 0.820050503119830 0.595686733680253 -0.418896105418895
0.966665700000000 0.834667469525760 0.600419727333835 -0.399820905198124
0.999999000000000 0.857610316280684 0.608492479251014 -0.379452080509263
1.033332300000000 0.883291158149979 0.616536908309334 -0.356370924110480
1.066665600000000 0.914812341563801 0.618779236516481 -0.326127000970934
1.099998900000000 0.954925419446648 0.611846841314248 -0.287531421607450
1.133332200000000 0.999181194838321 0.600608511659694 -0.244102853037525
1.166665500000000 1.038985693583178 0.592527903605673 -0.202271056132073
1.199998800000000 1.073947419503193 0.591350758964209 -0.166628825902221
1.233332100000000 1.108468314691358 0.594335597163413 -0.135598439786336
1.266665400000000 1.145246839449745 0.592926549568993 -0.102124615851535
1.299998700000000 1.182382600290927 0.586127412285617 -0.064814282733253
1.333332000000000 1.219602501302696 0.578544136294216 -0.025614118472795
1.366665300000000 1.258724310000221 0.573515504845674 0.013229089114263
1.399998600000000 1.299437734326837 0.570304415618818 0.048827571391484
1.433331900000000 1.340907964979977 0.564244836552423 0.081301795046958
1.466665200000000 1.383969688649331 0.555155768010168 0.111701608759588
1.499998500000000 1.435929073887621 0.552332561278859 0.139251721543735
1.533331800000000 1.501558469725063 0.560186271368234 0.167560455672549
1.566665100000000 1.569751738357923 0.571575915105411 0.198823768034501
1.599998400000000 1.622543762946775 0.577101020147959 0.228570691255493
1.633331700000000 1.652497917129448 0.575734193742611 0.251560596347347
1.666665000000000 1.669792016572204 0.574553681043268 0.267380200352185
1.699998300000000 1.686345051356290 0.575382593820770 0.281574839977645
