0.000000000000000 0.844943000000000 0.733296000000000 -0.054938000000000
0.033333300000000 0.183500177419121 0.444648620277119 -0.957962738681398
0.066666600000000 0.197620100714143 0.451821888458603 -0.939978144946587
0.099999900000000 0.219400875783404 0.460491961269315 -0.917492802654229
0.133333200000000 0.237429874883976 0.471324765640411 -0.898258736048889
0.166666500000000 0.249368366187369 0.477996359606255 -0.879216410163400
0.199999800000000 0.258274588162113 0.477840181228962 -0.857466607143767
0.233333100000000 0.272590922615562 0.474345683506762 -0.831743406417497
0.266666400000000 0.301578655775218 0.472812039210061 -0.802577358161525
0.299999700000000 0.343953283590152 0.475790754953022 -0.773522847001500
0.333333000000000 0.384282559732193 0.478819583619807 -0.746202129507610
0.366666300000000 0.413925691439937 0.475658295401926 -0.718495924981238
0.399999600000000 0.444880602344792 0.468457141148115 -0.688388774875114
0.433332900000000 0.492068968267892 0.463419236503580 -0.654843762427233
0.466666200000000 0.550163712673622 0.462333000942735 -0.619190864737478
0.499999500000000 0.600944145866919 0.462959109857021 -0.587098222013440
0.533332800000000 0.641337452199667 0.463054052326193 -0.558881079827341
0.566666100000000 0.680424522128076 0.461668963905151 -0.529533680508525
0.599999400000000 0.712248633788833 0.458498459768007 -0.502058446308250
0.633332700000000 0.727419857879426 0.455706703807514 -0.483400902661877
0.666666000000000 0.733251100668743 0.455701436866503 -0.472384836126344
0.699999300000000 0.741320427817236 0.460073003315725 -0.464791607576026
0.733332600000000 0.755633954354072 0.471760330926192 -0.459386279509376
0.766665900000000 0.773004324441680 0.488563206926998 -0.454533387481888
0.799999200000000 0.784678104759564 0.501073125248623 -0.447545748459934
0.833332500000000 0.789035106555287 0.506486262808729 -0.439560960922706
0.866665800000000 0.789612554377404 0.508459725056095 -0.433191783505887
0.899999100000000 0.786188319946638 0.509507970621588 -0.427084766393241
0.933332400000000 0.785604329184145 0.511697330458582 -0.415376284082762
0.966665700000000 0.798037581452753 0.517304025547638 -0.398038558052621
0.999999000000000 0.819344422697874 0.526097921069538 -0.379359265923475
1.033332300000000 0.844031011416451 0.534620752316246 -0.357607698454476
1.066665600000000 0.875218754060594 0.537036098576747 -0.328011828122572
1.099998900000000 0.915918609533601 0.529815633944089 -0.289110216472398
1.133332200000000 0.962223801349894 0.517618968660212 -0.244296783821295
1.166665500000000 1.005221713268232 0.508211670887379 -0.200293853838264
1.199998800000000 1.043743728324950 0.505772818735826 -0.162469369200351
1.233332100000000 1.082547616122494 0.507498107255898 -0.129233178132429
1.266665400000000 1.125042361966403 0.504868907324731 -0.092596383884042
1.299998700000000 1.168537072599218 0.497358256674054 -0.051342611574281
1.333332000000000 1.211935202097120 0.489708540601024 -0.008218736283136
1.366665300000000 1.257152175833423 0.485095654710030 0.034028250538242
1.399998600000000 1.303127632042484 0.482559126635714 0.072071829519214
1.433331900000000 1.348868336610642 0.477264437701204 0.106285576165384
1.466665200000000 1.396415085991445 0.469158354681524 0.138210165973590
1.499998500000000 1.453085375918289 0.467468877306139 0.166764660103817
1.533331800000000 1.522239002731009 0.476253007787600 0.195500969883540
1.566665100000000 1.591819705329100 0.488058156810880 0.226947320943322
1.599998400000000 1.643940662652597 0.493396222331909 0.256656729459355
1.633331700000000 1.671441443485523 0.491155302920484 0.278776389216476
1.666665000000000 1.684407369619287 0.488427429448334 0.292316197745761
1.699998300000000 1.695765824750010 0.487827494717233 0.303901873928850
