0.000000000000000 0.829134000000000 0.678946000000000 -0.016425000000000
0.033333300000000 0.206895868719766 0.406035977034601 -0.906496189158596
0.066666600000000 0.220623582686042 0.411528195544508 -0.889635774128460
0.099999900000000 0.242630577555063 0.419312710803981 -0.867977656256286
0.133333200000000 0.261814936300957 0.429603523877959 -0.849763283794079
0.166666500000000 0.275514546524126 0.436166032113140 -0.831743227422762
0.199999800000000 0.286293448333558 0.436278387521084 -0.810833397144495
0.233333100000000 0.302357372619956 0.433417397334059 -0.785635547814507
0.266666400000000 0.333735893898974 0.433487227938025 -0.756679899609202
0.299999700000000 0.379774363494279 0.439396907954017 -0.727922040023938
0.333333000000000 0.424310644873834 0.446039266539263 -0.701365745153020
0.366666300000000 0.457639959863610 0.446319323361976 -0.674730843682282
0.399999600000000 0.491438115242205 0.442447486609838 -0.645458729989149
0.433332900000000 0.540651658578398 0.441211072941944 -0.612022983485131
0.466666200000000 0.599798686763679 0.443839488094007 -0.575815291591508
0.499999500000000 0.650622142370890 0.446419753563604 -0.542988657015519
0.533332800000000 0.690262831652877 0.446556733147867 -0.513922877687514
0.566666100000000 0.728316666017352 0.444902184064472 -0.483573629229133
0.599999400000000 0.759322665987026 0.441380776262424 -0.455388229247743
0.633332700000000 0.773576311024014 0.436929103102918 -0.436453365723926
0.666666000000000 0.777899570248037 0.433949244015043 -0.425263082338030
0.699999300000000 0.784178661235076 0.435195682537316 -0.417554056207005
0.733332600000000 0.796920309046245 0.444213935156541 -0.412229881357715
0.766665900000000 0.812780937331602 0.458490646028285 -0.407623287861587
0.799999200000000 0.822482554550411 0.468011025339790 -0.401018158929428
0.833332500000000 0.824277681932809 0.469875236761595 -0.393683941951558
0.866665800000000 0.822154660223489 0.468171565749516 -0.388414880657661
0.899999100000000 0.816573344721763 0.465984246783705 -0.383846628472978
0.933332400000000 0.814543599863595 0.465839024449366 -0.373583583232061
0.966665700000000 0.825780580100116 0.469835484143390 -0.357244419343664
0.999999000000000 0.846033060517179 0.477315268920723 -0.339421034957135
1.033332300000000 0.870128325192127 0.484876560526778 -0.318472755667927
1.066665600000000 0.901068508692526 0.486897660537707 -0.289217171706072
1.099998900000000 0.941927433906930 0.480098910042217 -0.249881537456974
1.133332200000000 0.989372331155698 0.469263544707534 -0.204149459049988
1.166665500000000 1.034601178579587 0.461802671962146 -0.159426352386748
1.199998800000000 1.075853003179456 0.461356817282810 -0.121441246553069
1.233332100000000 1.117901139847835 0.465364814741977 -0.088465352210291
1.266665400000000 1.164336384748478 0.466150591866079 -0.052050483129531
1.299998700000000 1.211831511147857 0.462908399282546 -0.011020091028729
1.333332000000000 1.258721697384997 0.459706986872924 0.031756725749781
1.366665300000000 1.306887087356694 0.459555842250392 0.073540950009481
1.399998600000000 1.354990538938301 0.460882129295537 0.111154351684952
1.433331900000000 1.402166412138018 0.458771118971001 0.145072289268788
1.466665200000000 1.451009142422248 0.453998166414160 0.176638729569863
1.499998500000000 1.508569555904773 0.455748184132452 0.205121266741470
1.533331800000000 1.577534689744703 0.467208598450141 0.234841543166143
1.566665100000000 1.645977452521452 0.480283267505346 0.268100542753235
1.599998400000000 1.696811460181494 0.485393528750273 0.299408840888521
1.633331700000000 1.723401599278016 0.481289925084397 0.322249538172712
1.666665000000000 1.735309493385133 0.474872238010283 0.336046341428197
1.699998300000000 1.744988918144643 0.470098733372165 0.348059307458729
