0.000000000000000 0.104159000000000 1.023518000000000 0.178430000000000
0.033333300000000 0.434295581878190 0.704082845755696 -0.162175171828632
0.066666600000000 0.493800260420762 0.661559065634690 -0.106158361440691
0.099999900000000 0.539768277798488 0.662066709506719 -0.060127825470383
0.133333200000000 0.565178462684575 0.726658740851927 -0.029715239653417
0.166666500000000 0.566009219671410 0.831268151386873 -0.021562295745958
0.199999800000000 0.552917418485338 0.924773865120600 -0.026536558802001
0.233333100000000 0.527551505948797 0.992552477439095 -0.029127567289151
0.266666400000000 0.488313077613738 1.040060358169795 -0.032014575753385
0.299999700000000 0.458665907486407 1.066195114542921 -0.033022941787737
0.333333000000000 0.458407945798331 1.078584223051990 -0.018134730271981
0.366666300000000 0.486104474229620 1.085820269956969 0.010840655095148
0.399999600000000 0.530719293340371 1.087255951113881 0.043385315077611
0.433332900000000 0.575946309837561 1.083324632945564 0.067661014287348
0.466666200000000 0.602685890370183 1.077731155460082 0.073255861017985
0.499999500000000 0.610154796461897 1.071844974916811 0.065349038560453
0.533332800000000 0.619067764158020 1.064815239631914 0.065343264704852
0.566666100000000 0.631955247099249 1.057646337163315 0.068782687646354
0.599999400000000 0.636105677616580 1.053092750656044 0.063996931088165
0.633332700000000 0.647530748221803 1.052577532393838 0.071000431877658
0.666666000000000 0.683109023444562 1.052681409011613 0.102239501287283
0.699999300000000 0.728405862904580 1.049090525769298 0.143691495177261
0.733332600000000 0.774045545092158 1.041378697344005 0.185159769271613
0.766665900000000 0.818530700132228 1.030105410567163 0.225451556079233
0.799999200000000 0.857428862486463 1.017358339712147 0.260097030882466
0.833332500000000 0.889053549309129 1.004514849340460 0.288181732723589
0.866665800000000 0.916371070592849 0.992723558699965 0.305118409820117
0.899999100000000 0.944411437041532 0.981068664478733 0.315020613712636
0.933332400000000 0.991026155090500 0.956411189748441 0.346857952457126
0.966665700000000 1.063196708689539 0.907402712599468 0.410706862214218
0.999999000000000 1.133515257838876 0.852244612909324 0.476667354328699
1.033332300000000 1.187825774824047 0.812222409040501 0.531708658390449
1.066665600000000 1.242957607047031 0.772390798842115 0.591478752634105
1.099998900000000 1.309918681024278 0.713191972197961 0.663639320181822
1.133332200000000 1.375336157788006 0.660207583728397 0.729283145556262
1.166665500000000 1.420011956911791 0.671442823813093 0.770892913707590
1.199998800000000 1.449429603989851 0.742674654270336 0.786035883166918
1.233332100000000 1.491137130704567 0.814803965657264 0.779756059673133
1.266665400000000 1.540073923590172 0.870266803845348 0.766753803738001
1.299998700000000 1.549340890257031 0.930147474887039 0.770423364114196
1.333332000000000 1.485660153623996 1.006282341234843 0.770412992627981
1.366665300000000 1.373620759920881 1.069830326719507 0.731939729980047
1.399998600000000 1.288502671162058 1.090574075753842 0.694185725115492
1.433331900000000 1.273193705985454 1.087873414760370 0.690651143305279
1.466665200000000 1.301255985841803 1.080031846659968 0.706357490884530
1.499998500000000 1.337523533523241 1.069806114769015 0.723490606803200
1.533331800000000 1.373207309588822 1.059265159185806 0.743288506571286
1.566665100000000 1.408031578361918 1.051404332947547 0.773419036635143
1.599998400000000 1.437255806282758 1.044865332087287 0.806118103214264
1.633331700000000 1.474169462737403 1.039770159954907 0.840266057127971
1.666665000000000 1.542420699928780 1.035579887153316 0.892523214944745
1.699998300000000 1.624147887466206 1.025595916634242 0.965382178138189
