0.000000000000000 1.104159000000000 0.023518000000000 0.178430000000000
0.033333300000000 0.428720905016095 0.040037606868046 -1.410779530177797
0.066666600000000 0.467721314458319 0.064532570964816 -1.387906875479109
0.099999900000000 0.518728757002534 0.078575782387489 -1.348186704766752
0.133333200000000 0.590938480659310 0.078031472642211 -1.286146331440286
0.166666500000000 0.675419855509361 0.076013169014257 -1.212200454200018
0.199999800000000 0.753567137677885 0.080439129182517 -1.143155806297010
0.233333100000000 0.835335327711114 0.088275558309837 -1.071985358453163
0.266666400000000 0.946896376830015 0.087490997168465 -0.971329735942676
0.299999700000000 1.081016441712654 0.086547361596059 -0.841088590540653
0.333333000000000 1.195283564386837 0.102573537255728 -0.728358261240449
0.366666300000000 1.270001322629287 0.118618352020837 -0.659999252043460
0.399999600000000 1.328417025208259 0.114733774298484 -0.603050253386154
0.433332900000000 1.384832711068863 0.093101195255753 -0.536623962650561
0.466666200000000 1.422951725691498 0.072981705833273 -0.490341959133274
0.499999500000000 1.431531789162114 0.062524244605853 -0.488376073049363
0.533332800000000 1.422766911518117 0.050648909402234 -0.505212898316037
0.566666100000000 1.419430495538549 0.032935288977180 -0.505543004640467
0.599999400000000 1.421828744783426 0.019910875599605 -0.497407089895640
0.633332700000000 1.419297830270629 0.013824552700712 -0.499409787389575
0.666666000000000 1.410940986685670 0.005975768496042 -0.509861744747621
0.699999300000000 1.399977855709601 -0.001735693116010 -0.523208284537127
0.733332600000000 1.386777568555937 -0.007572414775558 -0.538898951969362
0.766665900000000 1.375007461321434 -0.011977074639686 -0.551978639038945
0.799999200000000 1.370076104975394 -0.017129326367956 -0.556620835639773
0.833332500000000 1.370108640566710 -0.023380610921967 -0.555629218821279
0.866665800000000 1.367977060109380 -0.033097181511698 -0.557287433843057
0.899999100000000 1.360460251904713 -0.045274484295102 -0.564481020518906
0.933332400000000 1.346557926780947 -0.051989032657855 -0.578737072793974
0.966665700000000 1.328489197804375 -0.045182938461539 -0.600332440984194
0.999999000000000 1.316942402974294 -0.022826691131797 -0.619053730286926
1.033332300000000 1.323409489686213 0.005324849549298 -0.621778829513652
1.066665600000000 1.349187119167483 0.029016253084548 -0.606899140801177
1.099998900000000 1.382879641383720 0.054610652012751 -0.585739462640478
1.133332200000000 1.416682746813955 0.086583819182749 -0.562709979937987
1.166665500000000 1.460400037283413 0.108026871751511 -0.525614420605038
1.199998800000000 1.507240371336222 0.118386329630025 -0.481608389843700
1.233332100000000 1.523243590491266 0.126108728728627 -0.455018432236938
1.266665400000000 1.532728258722559 0.118240765854255 -0.430911792073731
1.299998700000000 1.609951491666707 0.097381297487196 -0.370991043003400
1.333332000000000 1.741484356050625 0.084949985646922 -0.271556617293341
1.366665300000000 1.870459407928915 0.089747139519858 -0.158334555852205
1.399998600000000 1.984606606318732 0.110104053503770 -0.050205198343639
1.433331900000000 2.074681789946555 0.123426758164819 0.036847275276014
1.466665200000000 2.142197391174456 0.114662783927248 0.105624500683650
1.499998500000000 2.203237248852468 0.092705348144090 0.179602884059020
1.533331800000000 2.247825123474039 0.065231026131551 0.246358107060730
1.566665100000000 2.253187873777907 0.038115015429063 0.264542238852372
1.599998400000000 2.231794697409946 0.018028785173005 0.245480380252696
1.633331700000000 2.226770839843545 0.003643330951222 0.240239089903407
1.666665000000000 2.244317472038226 -0.016538245922472 0.259760735529712
1.699998300000000 2.257920287051918 -0.042698050489600 0.289304856132659
