0.000000000000000 0.104159000000000 0.023518000000000 1.178430000000000
0.033333300000000 0.313562835514593 -0.704027022606422 -0.213655290095044
0.066666600000000 0.335253281296790 -0.738170739397915 -0.231135672637756
0.099999900000000 0.407779488723268 -0.739046522119530 -0.199629337004511
0.133333200000000 0.544851620793988 -0.685813984197032 -0.096854054742164
0.166666500000000 0.723557897580382 -0.572632532105351 0.043562852846584
0.199999800000000 0.895656864929907 -0.433612307521095 0.166638692787636
0.233333100000000 1.034780749111835 -0.291945416817572 0.275476527447678
0.266666400000000 1.123416031689106 -0.142632366446927 0.412824897386550
0.299999700000000 1.164851565958136 -0.001613166870323 0.567882450028766
0.333333000000000 1.198279168457299 0.100322704563568 0.685850337272671
0.366666300000000 1.241140086627263 0.148681237619281 0.753600143813064
0.399999600000000 1.267384079839054 0.154139825002485 0.809296071970157
0.433332900000000 1.266578577084789 0.147001995276959 0.871605657671619
0.466666200000000 1.270086391349270 0.156208096883410 0.913120030871874
0.499999500000000 1.302168347670958 0.178015834954740 0.915164732400999
0.533332800000000 1.337651945346905 0.178308245332565 0.900652862161648
0.566666100000000 1.344606116166175 0.163169365002754 0.900671914101794
0.599999400000000 1.337509464156556 0.160399131136720 0.907282665520375
0.633332700000000 1.339504601990043 0.145249342285900 0.906421128973788
0.666666000000000 1.349218639061821 0.093805695995486 0.900271672925772
0.699999300000000 1.359736157137224 0.027208799809254 0.890136267235479
0.733332600000000 1.369807092371495 -0.040013226754072 0.874840626827330
0.766665900000000 1.374112295472365 -0.105577637891558 0.859133735379562
0.799999200000000 1.368142602534639 -0.162054067543853 0.850146053707361
0.833332500000000 1.354563987230626 -0.208660488005099 0.846308629623052
0.866665800000000 1.343459496020117 -0.244454968674271 0.840828003042206
0.899999100000000 1.339632200617838 -0.275029830852908 0.830789087025757
0.933332400000000 1.335144541622755 -0.335948645537676 0.806628103934665
0.966665700000000 1.319150547964136 -0.439456596296011 0.757776933240499
0.999999000000000 1.300880348597441 -0.534263108630869 0.699344844221144
1.033332300000000 1.295357717802593 -0.592071298628962 0.659755774090935
1.066665600000000 1.291650659072263 -0.640231268681654 0.637607713486701
1.099998900000000 1.280423413240888 -0.699547262474109 0.606212114115715
1.133332200000000 1.290222043956348 -0.743050203051374 0.575584832395089
1.166665500000000 1.366589206514260 -0.732337219160494 0.607958568988505
1.199998800000000 1.511641558658400 -0.667190975546311 0.694337581339519
1.233332100000000 1.686617863793856 -0.585633886375896 0.756068392341312
1.266665400000000 1.857430992696307 -0.507588625138401 0.795018755681621
1.299998700000000 2.011819724669118 -0.400945203254785 0.890029425490975
1.333332000000000 2.142874871080641 -0.214075492987325 1.051118481728145
1.366665300000000 2.224532401588854 0.046472646216047 1.210153527175918
1.399998600000000 2.244577654964437 0.265838887005477 1.331157069673064
1.433331900000000 2.251236349758597 0.370697035372340 1.418037304714140
1.466665200000000 2.276120299422180 0.410697902828814 1.482006665281624
1.499998500000000 2.293504941661396 0.433815062157937 1.549090345352604
1.533331800000000 2.300633784253551 0.435947315747065 1.610095867027939
1.566665100000000 2.329620983467456 0.403751114389686 1.628532056585643
1.599998400000000 2.369047717535442 0.351477948524296 1.612950037658941
1.633331700000000 2.383311386854960 0.285010677071430 1.617311155439063
1.666665000000000 2.369393411083062 0.178310571542826 1.654891535062297
1.699998300000000 2.326115619145400 0.041465607894314 1.699363675929938
